SpectrumName : Initial.SPC
XUnit        : 
YUnit        : 
Length       : 1024
SubSpcNum    : 1
StartSubSpc  : 0
StopSubSpc   : 0
Comment      : 
Realtime     : 825.040
Livetime     : 822.640
Deadtime     : 2.400
FastChannel  : 430150
Starttime    : 03.04.2000 20:29:21
Stoptime     : 03.04.2000 20:43:07
CalibCoeff   : a=0.000000000E+000 b=0.000000000E+000 c=0.000000000E+000 d=0.000000000E+000
SpectrumText : 0 
0,4,2,0,0,0,0,0
27,113,275,542,608,569,706,721
763,820,842,834,904,825,871,931
921,888,868,934,946,886,938,990
941,929,951,930,981,1029,1008,1073
1030,1066,1029,1033,1042,1090,1110,1116
1096,1111,1126,1162,1153,1222,1161,1176
1178,1193,1222,1157,1259,1234,1240,1227
1214,1276,1221,1297,1296,1275,1312,1363
1414,1404,1470,1453,1507,1490,1494,1479
1518,1553,1518,1393,1412,1412,1420,1405
1412,1373,1349,1363,1363,1338,1308,1374
1266,1307,1265,1316,1201,1231,1239,1233
1249,1221,1178,1214,1191,1193,1180,1156
1132,1178,1185,1184,1271,1133,1168,1239
1218,1168,1135,1160,1140,1091,1311,1132
1172,1148,1187,1170,1103,1041,1175,1187
1101,1125,1153,1120,1250,1141,1106,1195
1141,1118,1119,1205,1125,1154,1123,1157
1131,1166,1079,1160,1214,1128,1171,1209
1196,1178,1201,1133,1200,1147,1210,1134
1178,1221,1171,1219,1201,1270,1192,1160
1150,1162,1201,1147,1151,1145,1153,1082
1114,1060,1064,950,888,910,925,893
754,717,730,660,597,603,619,534
523,509,488,484,491,490,465,436
457,442,432,417,400,392,372,405
421,401,394,393,367,367,374,398
370,384,403,376,378,398,352,391
384,390,396,390,417,403,404,443
432,468,489,511,581,644,699,833
948,1100,1271,1471,1787,2030,2481,2910
3320,3712,4274,5085,5557,6106,6573,7258
7528,8217,8277,8590,8790,8559,8758,8394
8024,7501,7133,6551,5964,5259,4709,4027
3417,2884,2403,1889,1624,1263,1002,690
523,452,316,228,150,102,93,54
45,28,21,18,16,17,15,10
17,2,6,9,6,7,11,4
6,15,8,9,11,10,4,12
6,10,4,7,9,12,7,8
5,8,5,6,10,7,8,6
7,5,5,5,12,9,12,4
5,14,12,10,6,14,8,8
6,7,6,5,9,12,8,7
4,11,8,9,5,11,17,9
7,10,6,7,7,7,9,9
7,5,8,6,8,7,6,8
2,3,8,5,8,7,4,9
8,3,4,5,7,9,5,7
6,6,10,3,7,6,5,6
4,3,2,7,3,8,7,6
3,6,5,7,4,4,6,10
6,4,2,6,6,3,5,2
6,3,5,5,4,7,4,6
9,6,5,7,9,5,7,6
5,6,3,10,9,2,5,1
8,7,2,7,10,6,2,4
4,3,6,4,3,1,4,8
7,6,5,4,4,7,0,6
5,5,5,4,2,3,2,1
5,4,5,2,5,5,4,5
4,5,4,7,4,2,3,2
1,4,1,5,2,3,2,7
4,4,2,5,1,5,4,4
2,0,6,5,4,2,1,0
3,2,3,0,4,4,3,5
1,2,4,3,3,4,2,3
2,5,3,0,3,5,2,5
2,3,5,4,2,1,4,4
5,5,7,7,6,2,11,7
4,7,9,7,6,8,12,7
8,7,7,6,6,11,2,8
5,7,6,1,2,6,4,4
3,7,5,3,0,3,5,2
3,3,1,4,2,2,4,5
2,2,2,0,2,0,0,1
0,1,0,2,2,2,2,3
3,1,3,1,0,2,1,1
0,2,5,1,0,1,0,1
2,1,1,2,4,0,1,1
1,1,0,3,0,0,1,1
2,0,1,1,1,1,1,1
3,2,1,2,0,1,0,1
2,1,6,0,1,1,1,0
3,2,0,1,2,0,0,1
1,0,1,1,1,0,1,1
0,2,1,4,1,1,0,1
1,0,0,3,1,0,2,0
2,2,2,2,0,0,0,1
0,0,0,0,0,1,1,0
0,1,0,1,1,1,0,1
0,2,1,1,0,0,2,1
1,2,0,1,2,3,0,0
0,0,1,0,0,0,0,0
1,1,0,1,3,1,1,1
0,0,0,0,0,0,1,0
3,1,0,0,1,1,1,1
0,0,0,0,0,1,1,1
0,0,2,0,0,0,0,0
1,1,0,1,0,0,1,0
1,0,2,1,0,0,0,0
3,1,0,0,0,1,1,0
1,0,0,0,0,2,0,1
0,0,0,0,2,0,0,0
0,0,1,2,1,1,0,0
0,0,2,0,0,0,1,0
1,1,0,1,1,1,0,0
0,0,1,0,0,0,0,0
1,0,1,0,0,0,0,0
1,1,0,0,0,2,2,1
2,0,2,0,0,0,0,0
0,0,0,0,0,0,0,1
0,0,0,2,0,0,0,0
1,0,1,0,0,0,1,1
0,0,0,2,0,1,0,1
0,0,1,0,1,0,0,0
0,1,0,0,0,1,0,0
0,0,0,1,0,0,0,1
0,1,0,1,1,0,1,1
0,2,0,1,0,0,0,0
2,2,0,0,0,0,0,0
1,1,0,0,2,0,0,1
0,0,1,0,0,0,0,1
0,0,0,0,0,0,1,1
1,0,1,0,0,0,1,1
0,1,0,0,0,1,0,0
0,1,0,0,0,3,1,0
