SpectrumName : Leerwuerfel_diagonal.SPC
XUnit        : 
YUnit        : 
Length       : 1024
SubSpcNum    : 1
StartSubSpc  : 0
StopSubSpc   : 0
Comment      : 
Realtime     : 300.000
Livetime     : 299.200
Deadtime     : 0.800
FastChannel  : 148778
Starttime    : 03.04.2000 21:09:01
Stoptime     : 03.04.2000 21:14:01
CalibCoeff   : a=0.000000000E+000 b=0.000000000E+000 c=0.000000000E+000 d=0.000000000E+000
SpectrumText : 0 
0,1,0,0,0,0,0,0
12,38,103,171,171,223,230,255
283,270,308,300,275,299,325,319
319,309,323,307,296,325,344,308
333,332,339,325,346,322,345,326
376,344,333,338,342,367,410,328
402,367,392,393,414,413,412,408
387,438,402,411,410,402,416,423
427,448,432,479,434,407,505,486
514,488,540,525,467,492,515,536
494,530,461,498,488,455,433,515
442,475,514,461,462,474,442,455
458,453,437,459,444,446,428,450
408,443,405,434,407,396,415,435
434,395,397,433,393,448,376,433
444,431,420,387,413,388,351,383
364,409,397,374,384,401,393,433
386,378,407,387,387,425,396,390
417,404,392,347,379,366,384,413
388,400,412,404,377,394,381,401
391,407,380,394,415,427,403,399
419,401,422,406,409,421,386,430
413,399,402,365,431,410,396,444
377,368,375,349,340,296,338,291
287,260,251,227,233,225,194,184
190,170,173,156,164,170,152,175
164,152,142,148,134,143,118,131
115,153,138,127,125,143,121,142
126,143,113,126,128,154,112,146
129,124,143,161,130,148,129,134
151,167,151,174,200,197,257,297
314,365,425,454,579,648,788,907
1103,1211,1375,1646,1871,2071,2199,2523
2578,2678,2838,2874,3084,3012,3016,2965
2790,2725,2532,2332,2165,1901,1716,1507
1295,1068,885,778,559,458,371,283
254,166,119,78,67,41,35,21
16,24,12,8,6,4,5,0
3,5,1,2,3,2,7,1
4,3,3,2,6,4,1,1
4,2,7,1,3,1,1,6
3,3,2,0,5,0,6,4
1,8,4,7,3,3,6,2
2,4,2,5,4,3,2,4
0,3,2,4,4,1,1,5
4,2,2,3,1,8,1,3
5,1,3,1,3,1,2,4
4,1,1,2,4,2,3,3
4,3,0,4,3,5,1,4
2,1,1,1,0,1,2,3
4,3,3,2,1,3,4,5
2,2,1,3,3,3,0,4
3,0,3,0,1,2,0,2
0,4,1,1,3,2,2,6
3,7,5,2,3,1,1,2
0,2,1,0,3,1,1,0
1,0,2,1,2,3,1,2
3,4,1,1,2,2,1,0
1,1,2,3,2,3,1,1
2,1,1,2,1,1,4,1
2,1,0,0,0,3,1,0
1,1,0,4,3,3,2,3
0,3,2,1,2,0,0,3
3,0,2,2,3,0,0,1
1,1,0,4,0,1,1,1
0,2,2,0,0,3,2,1
1,1,1,3,2,1,1,0
2,4,1,4,0,1,1,1
1,3,1,2,1,1,2,0
1,3,1,2,0,1,0,5
3,0,3,2,1,4,1,3
1,3,2,0,3,2,4,0
0,5,4,2,1,6,2,1
4,1,1,3,1,1,2,1
1,2,0,3,3,1,1,1
1,0,0,0,1,0,2,2
2,3,0,0,0,0,1,2
0,3,1,0,1,1,0,0
0,0,1,0,0,0,0,0
0,1,0,0,0,0,0,0
0,0,1,0,0,0,0,0
0,0,0,0,1,0,0,0
1,0,1,0,0,0,0,1
0,0,0,1,0,0,0,0
0,1,0,1,0,0,1,0
0,1,3,1,0,0,0,4
0,0,0,0,0,1,0,1
0,0,1,0,0,1,1,0
1,0,0,1,1,0,1,0
0,1,2,1,1,0,0,0
1,0,1,0,1,0,0,0
0,1,0,0,0,0,0,0
0,0,0,0,0,0,0,0
0,0,0,0,0,0,0,0
0,0,0,0,0,0,4,0
0,0,0,0,0,0,0,0
0,0,0,0,1,0,0,0
0,0,2,0,0,0,0,0
0,0,0,0,2,1,1,0
0,0,0,0,0,0,0,0
0,0,0,0,0,0,0,0
0,0,0,0,0,0,0,0
1,0,0,2,0,0,0,0
0,0,1,1,0,0,1,0
0,0,1,0,0,1,0,2
1,0,1,0,0,0,0,1
0,0,1,0,0,0,1,1
1,0,0,0,0,0,0,0
0,1,0,0,0,0,0,0
0,0,0,0,0,0,0,0
0,0,1,0,0,0,0,0
0,1,0,0,1,1,0,0
0,0,0,0,0,1,0,0
1,0,0,0,0,0,0,0
0,0,0,0,0,0,0,0
0,0,0,0,0,0,0,0
0,0,0,0,0,1,0,0
0,0,1,0,0,0,0,0
0,0,0,0,0,0,0,1
0,0,0,0,1,0,0,0
0,0,0,0,0,0,1,0
0,0,0,0,0,0,0,0
0,1,0,0,0,0,0,0
0,0,0,0,0,0,0,0
1,0,0,1,0,0,1,1
0,1,0,0,0,0,0,0
1,0,1,0,0,0,0,0
0,2,1,0,0,0,0,0
