# Converted file from inputfile Leerwuerfel_halbdiagonal.CHN
# MCA number or Detector number: 1
# Segment number (set to 1 in UMCBI): 1
# ASCII seconds of start time: 12848
# Real Time (s): 300.000
# Live Time (s) : 299.200
# Start Date (DDMMMYY): 03APR00
# Start time (HHMM): 2103
# Channel offset of data: 0
# Number of channels (length of data): 1024

# Data: 

0 	 0
1 	 0
2 	 0
3 	 0
4 	 0
5 	 0
6 	 0
7 	 0
8 	 8
9 	 34
10 	 95
11 	 153
12 	 194
13 	 225
14 	 227
15 	 249
16 	 255
17 	 260
18 	 301
19 	 283
20 	 309
21 	 315
22 	 283
23 	 294
24 	 325
25 	 340
26 	 293
27 	 267
28 	 309
29 	 315
30 	 303
31 	 322
32 	 284
33 	 307
34 	 328
35 	 333
36 	 353
37 	 342
38 	 328
39 	 376
40 	 369
41 	 328
42 	 360
43 	 363
44 	 342
45 	 382
46 	 369
47 	 371
48 	 389
49 	 395
50 	 416
51 	 416
52 	 374
53 	 410
54 	 416
55 	 388
56 	 417
57 	 365
58 	 389
59 	 447
60 	 405
61 	 445
62 	 420
63 	 429
64 	 440
65 	 440
66 	 459
67 	 447
68 	 480
69 	 476
70 	 485
71 	 484
72 	 489
73 	 528
74 	 461
75 	 487
76 	 495
77 	 516
78 	 491
79 	 502
80 	 493
81 	 482
82 	 477
83 	 476
84 	 471
85 	 511
86 	 471
87 	 452
88 	 441
89 	 504
90 	 500
91 	 468
92 	 453
93 	 454
94 	 458
95 	 486
96 	 440
97 	 474
98 	 473
99 	 429
100 	 437
101 	 422
102 	 423
103 	 451
104 	 447
105 	 482
106 	 422
107 	 443
108 	 407
109 	 438
110 	 395
111 	 446
112 	 400
113 	 386
114 	 423
115 	 394
116 	 387
117 	 374
118 	 411
119 	 391
120 	 399
121 	 393
122 	 427
123 	 377
124 	 388
125 	 383
126 	 394
127 	 453
128 	 403
129 	 396
130 	 404
131 	 401
132 	 407
133 	 385
134 	 426
135 	 419
136 	 375
137 	 389
138 	 406
139 	 369
140 	 409
141 	 401
142 	 375
143 	 374
144 	 384
145 	 403
146 	 396
147 	 400
148 	 396
149 	 375
150 	 413
151 	 382
152 	 392
153 	 421
154 	 407
155 	 388
156 	 425
157 	 435
158 	 374
159 	 403
160 	 425
161 	 400
162 	 401
163 	 416
164 	 415
165 	 389
166 	 431
167 	 426
168 	 410
169 	 422
170 	 414
171 	 423
172 	 379
173 	 395
174 	 404
175 	 439
176 	 446
177 	 422
178 	 430
179 	 395
180 	 424
181 	 425
182 	 373
183 	 387
184 	 403
185 	 349
186 	 333
187 	 345
188 	 331
189 	 316
190 	 309
191 	 307
192 	 284
193 	 270
194 	 256
195 	 245
196 	 212
197 	 211
198 	 191
199 	 186
200 	 172
201 	 180
202 	 158
203 	 172
204 	 169
205 	 189
206 	 153
207 	 165
208 	 133
209 	 162
210 	 128
211 	 143
212 	 145
213 	 134
214 	 128
215 	 145
216 	 134
217 	 119
218 	 129
219 	 115
220 	 126
221 	 125
222 	 138
223 	 121
224 	 115
225 	 128
226 	 144
227 	 118
228 	 130
229 	 122
230 	 135
231 	 143
232 	 129
233 	 126
234 	 122
235 	 150
236 	 147
237 	 143
238 	 152
239 	 155
240 	 151
241 	 157
242 	 147
243 	 167
244 	 196
245 	 212
246 	 227
247 	 298
248 	 299
249 	 390
250 	 412
251 	 467
252 	 563
253 	 661
254 	 814
255 	 914
256 	 1093
257 	 1218
258 	 1463
259 	 1656
260 	 1860
261 	 2051
262 	 2273
263 	 2501
264 	 2563
265 	 2752
266 	 2751
267 	 2998
268 	 2968
269 	 3024
270 	 3034
271 	 2809
272 	 2830
273 	 2736
274 	 2507
275 	 2322
276 	 2184
277 	 1952
278 	 1684
279 	 1450
280 	 1200
281 	 1055
282 	 864
283 	 731
284 	 631
285 	 492
286 	 401
287 	 280
288 	 235
289 	 159
290 	 119
291 	 79
292 	 63
293 	 35
294 	 37
295 	 20
296 	 12
297 	 15
298 	 8
299 	 11
300 	 2
301 	 8
302 	 4
303 	 1
304 	 4
305 	 3
306 	 2
307 	 1
308 	 3
309 	 3
310 	 6
311 	 1
312 	 3
313 	 2
314 	 4
315 	 1
316 	 2
317 	 3
318 	 4
319 	 3
320 	 2
321 	 5
322 	 3
323 	 2
324 	 4
325 	 2
326 	 4
327 	 3
328 	 1
329 	 5
330 	 2
331 	 0
332 	 0
333 	 4
334 	 1
335 	 3
336 	 3
337 	 6
338 	 1
339 	 1
340 	 3
341 	 5
342 	 1
343 	 0
344 	 1
345 	 2
346 	 1
347 	 0
348 	 4
349 	 0
350 	 2
351 	 2
352 	 3
353 	 4
354 	 3
355 	 1
356 	 3
357 	 1
358 	 3
359 	 5
360 	 4
361 	 2
362 	 1
363 	 2
364 	 3
365 	 1
366 	 4
367 	 2
368 	 4
369 	 3
370 	 4
371 	 2
372 	 1
373 	 0
374 	 6
375 	 7
376 	 3
377 	 2
378 	 1
379 	 3
380 	 3
381 	 1
382 	 4
383 	 2
384 	 2
385 	 2
386 	 3
387 	 3
388 	 6
389 	 1
390 	 2
391 	 3
392 	 2
393 	 0
394 	 4
395 	 2
396 	 1
397 	 3
398 	 4
399 	 2
400 	 1
401 	 3
402 	 2
403 	 2
404 	 1
405 	 1
406 	 2
407 	 2
408 	 2
409 	 1
410 	 5
411 	 0
412 	 1
413 	 1
414 	 1
415 	 3
416 	 2
417 	 4
418 	 4
419 	 1
420 	 2
421 	 3
422 	 2
423 	 2
424 	 3
425 	 1
426 	 4
427 	 1
428 	 2
429 	 3
430 	 1
431 	 1
432 	 1
433 	 0
434 	 2
435 	 2
436 	 1
437 	 2
438 	 1
439 	 3
440 	 2
441 	 3
442 	 2
443 	 2
444 	 0
445 	 1
446 	 1
447 	 3
448 	 1
449 	 2
450 	 2
451 	 5
452 	 4
453 	 1
454 	 3
455 	 2
456 	 3
457 	 1
458 	 2
459 	 2
460 	 1
461 	 0
462 	 4
463 	 4
464 	 1
465 	 2
466 	 3
467 	 3
468 	 1
469 	 1
470 	 1
471 	 3
472 	 2
473 	 1
474 	 0
475 	 2
476 	 2
477 	 0
478 	 1
479 	 0
480 	 0
481 	 0
482 	 2
483 	 1
484 	 0
485 	 0
486 	 1
487 	 2
488 	 4
489 	 1
490 	 1
491 	 5
492 	 1
493 	 1
494 	 1
495 	 0
496 	 0
497 	 1
498 	 0
499 	 2
500 	 2
501 	 2
502 	 1
503 	 2
504 	 2
505 	 3
506 	 0
507 	 2
508 	 1
509 	 0
510 	 1
511 	 1
512 	 0
513 	 0
514 	 3
515 	 1
516 	 2
517 	 1
518 	 2
519 	 1
520 	 1
521 	 1
522 	 2
523 	 0
524 	 2
525 	 2
526 	 2
527 	 3
528 	 2
529 	 0
530 	 2
531 	 1
532 	 4
533 	 1
534 	 1
535 	 3
536 	 0
537 	 1
538 	 2
539 	 0
540 	 2
541 	 1
542 	 3
543 	 2
544 	 1
545 	 2
546 	 1
547 	 0
548 	 1
549 	 1
550 	 2
551 	 1
552 	 2
553 	 2
554 	 2
555 	 0
556 	 2
557 	 3
558 	 3
559 	 4
560 	 1
561 	 3
562 	 0
563 	 1
564 	 2
565 	 1
566 	 1
567 	 4
568 	 2
569 	 2
570 	 2
571 	 1
572 	 3
573 	 0
574 	 4
575 	 3
576 	 3
577 	 1
578 	 3
579 	 2
580 	 2
581 	 2
582 	 2
583 	 2
584 	 5
585 	 0
586 	 1
587 	 2
588 	 3
589 	 2
590 	 1
591 	 1
592 	 4
593 	 3
594 	 0
595 	 1
596 	 4
597 	 0
598 	 2
599 	 1
600 	 3
601 	 2
602 	 2
603 	 1
604 	 0
605 	 0
606 	 1
607 	 1
608 	 0
609 	 0
610 	 0
611 	 1
612 	 0
613 	 0
614 	 0
615 	 1
616 	 0
617 	 0
618 	 0
619 	 0
620 	 0
621 	 0
622 	 1
623 	 1
624 	 0
625 	 1
626 	 1
627 	 2
628 	 0
629 	 0
630 	 0
631 	 1
632 	 0
633 	 2
634 	 0
635 	 1
636 	 1
637 	 1
638 	 0
639 	 0
640 	 2
641 	 0
642 	 0
643 	 0
644 	 0
645 	 2
646 	 1
647 	 0
648 	 0
649 	 0
650 	 0
651 	 1
652 	 1
653 	 0
654 	 0
655 	 1
656 	 1
657 	 0
658 	 0
659 	 0
660 	 1
661 	 0
662 	 0
663 	 0
664 	 0
665 	 1
666 	 0
667 	 1
668 	 0
669 	 0
670 	 0
671 	 0
672 	 0
673 	 0
674 	 0
675 	 0
676 	 0
677 	 0
678 	 0
679 	 0
680 	 0
681 	 0
682 	 1
683 	 0
684 	 0
685 	 0
686 	 0
687 	 0
688 	 1
689 	 0
690 	 2
691 	 0
692 	 0
693 	 1
694 	 0
695 	 1
696 	 0
697 	 0
698 	 1
699 	 0
700 	 0
701 	 0
702 	 0
703 	 0
704 	 1
705 	 0
706 	 0
707 	 0
708 	 0
709 	 0
710 	 0
711 	 0
712 	 0
713 	 0
714 	 1
715 	 0
716 	 1
717 	 0
718 	 0
719 	 0
720 	 0
721 	 0
722 	 0
723 	 0
724 	 0
725 	 0
726 	 0
727 	 0
728 	 0
729 	 1
730 	 0
731 	 1
732 	 0
733 	 0
734 	 0
735 	 0
736 	 0
737 	 0
738 	 1
739 	 0
740 	 0
741 	 0
742 	 0
743 	 0
744 	 0
745 	 0
746 	 0
747 	 1
748 	 0
749 	 0
750 	 1
751 	 2
752 	 0
753 	 0
754 	 0
755 	 0
756 	 0
757 	 0
758 	 0
759 	 0
760 	 0
761 	 0
762 	 0
763 	 0
764 	 0
765 	 0
766 	 0
767 	 0
768 	 0
769 	 0
770 	 0
771 	 1
772 	 0
773 	 0
774 	 1
775 	 0
776 	 0
777 	 0
778 	 0
779 	 0
780 	 0
781 	 0
782 	 0
783 	 1
784 	 0
785 	 0
786 	 0
787 	 0
788 	 1
789 	 1
790 	 0
791 	 0
792 	 0
793 	 1
794 	 0
795 	 0
796 	 0
797 	 1
798 	 2
799 	 0
800 	 0
801 	 0
802 	 0
803 	 0
804 	 0
805 	 0
806 	 1
807 	 0
808 	 1
809 	 0
810 	 3
811 	 0
812 	 0
813 	 1
814 	 0
815 	 0
816 	 1
817 	 1
818 	 0
819 	 0
820 	 1
821 	 0
822 	 0
823 	 0
824 	 1
825 	 1
826 	 0
827 	 0
828 	 0
829 	 0
830 	 0
831 	 1
832 	 1
833 	 0
834 	 0
835 	 0
836 	 0
837 	 0
838 	 0
839 	 0
840 	 0
841 	 0
842 	 0
843 	 0
844 	 0
845 	 0
846 	 1
847 	 0
848 	 0
849 	 0
850 	 0
851 	 0
852 	 1
853 	 1
854 	 0
855 	 0
856 	 0
857 	 0
858 	 0
859 	 0
860 	 0
861 	 0
862 	 0
863 	 0
864 	 0
865 	 0
866 	 0
867 	 0
868 	 0
869 	 0
870 	 3
871 	 1
872 	 0
873 	 0
874 	 0
875 	 0
876 	 0
877 	 1
878 	 0
879 	 0
880 	 0
881 	 1
882 	 0
883 	 0
884 	 0
885 	 0
886 	 0
887 	 0
888 	 0
889 	 0
890 	 0
891 	 0
892 	 0
893 	 1
894 	 0
895 	 0
896 	 0
897 	 0
898 	 0
899 	 0
900 	 0
901 	 0
902 	 0
903 	 0
904 	 0
905 	 0
906 	 0
907 	 0
908 	 0
909 	 0
910 	 0
911 	 0
912 	 0
913 	 0
914 	 0
915 	 1
916 	 0
917 	 0
918 	 0
919 	 0
920 	 0
921 	 0
922 	 0
923 	 0
924 	 0
925 	 0
926 	 0
927 	 0
928 	 0
929 	 0
930 	 0
931 	 0
932 	 0
933 	 0
934 	 0
935 	 0
936 	 0
937 	 0
938 	 1
939 	 0
940 	 0
941 	 1
942 	 0
943 	 0
944 	 0
945 	 0
946 	 0
947 	 0
948 	 0
949 	 0
950 	 0
951 	 0
952 	 1
953 	 2
954 	 0
955 	 0
956 	 0
957 	 0
958 	 0
959 	 0
960 	 0
961 	 0
962 	 0
963 	 0
964 	 0
965 	 0
966 	 0
967 	 1
968 	 1
969 	 0
970 	 0
971 	 1
972 	 0
973 	 0
974 	 0
975 	 0
976 	 0
977 	 1
978 	 1
979 	 0
980 	 0
981 	 0
982 	 0
983 	 1
984 	 0
985 	 1
986 	 2
987 	 0
988 	 1
989 	 0
990 	 0
991 	 0
992 	 0
993 	 0
994 	 0
995 	 0
996 	 0
997 	 0
998 	 0
999 	 1
1000 	 0
1001 	 2
1002 	 0
1003 	 0
1004 	 1
1005 	 0
1006 	 0
1007 	 0
1008 	 0
1009 	 1
1010 	 0
1011 	 0
1012 	 0
1013 	 0
1014 	 1
1015 	 0
1016 	 1
1017 	 0
1018 	 1
1019 	 0
1020 	 1
1021 	 0
1022 	 0
1023 	 0


# Energy calibration zero intercept, 0.0 for uncalibrated spectrum: 0.00000
# Energy calibration slope, 1.0 for uncalibrated spectrum: 0.00000
# Energy calibration quadratic term, 0.0 for uncalibrated spectrum: 0.00000
# Peak shape calibration zero intercept, 1.0 for uncalibrated spectrum: 1.00000
# Peak shape calibration slope, 0.0 for uncalibrated spectrum: 0.00000
# Peak shape calibration quadratic term, 0.0 for uncalibrated spectrum: 0.00000
# Detector description: 
# Sample description: 
