# Converted file from inputfile Leerwuerfel_diagonal.CHN
# MCA number or Detector number: 1
# Segment number (set to 1 in UMCBI): 1
# ASCII seconds of start time: 12592
# Real Time (s): 300.000
# Live Time (s) : 299.200
# Start Date (DDMMMYY): 03APR00
# Start time (HHMM): 2109
# Channel offset of data: 0
# Number of channels (length of data): 1024

# Data: 

0 	 0
1 	 1
2 	 0
3 	 0
4 	 0
5 	 0
6 	 0
7 	 0
8 	 12
9 	 38
10 	 103
11 	 171
12 	 171
13 	 223
14 	 230
15 	 255
16 	 283
17 	 270
18 	 308
19 	 300
20 	 275
21 	 299
22 	 325
23 	 319
24 	 319
25 	 309
26 	 323
27 	 307
28 	 296
29 	 325
30 	 344
31 	 308
32 	 333
33 	 332
34 	 339
35 	 325
36 	 346
37 	 322
38 	 345
39 	 326
40 	 376
41 	 344
42 	 333
43 	 338
44 	 342
45 	 367
46 	 410
47 	 328
48 	 402
49 	 367
50 	 392
51 	 393
52 	 414
53 	 413
54 	 412
55 	 408
56 	 387
57 	 438
58 	 402
59 	 411
60 	 410
61 	 402
62 	 416
63 	 423
64 	 427
65 	 448
66 	 432
67 	 479
68 	 434
69 	 407
70 	 505
71 	 486
72 	 514
73 	 488
74 	 540
75 	 525
76 	 467
77 	 492
78 	 515
79 	 536
80 	 494
81 	 530
82 	 461
83 	 498
84 	 488
85 	 455
86 	 433
87 	 515
88 	 442
89 	 475
90 	 514
91 	 461
92 	 462
93 	 474
94 	 442
95 	 455
96 	 458
97 	 453
98 	 437
99 	 459
100 	 444
101 	 446
102 	 428
103 	 450
104 	 408
105 	 443
106 	 405
107 	 434
108 	 407
109 	 396
110 	 415
111 	 435
112 	 434
113 	 395
114 	 397
115 	 433
116 	 393
117 	 448
118 	 376
119 	 433
120 	 444
121 	 431
122 	 420
123 	 387
124 	 413
125 	 388
126 	 351
127 	 383
128 	 364
129 	 409
130 	 397
131 	 374
132 	 384
133 	 401
134 	 393
135 	 433
136 	 386
137 	 378
138 	 407
139 	 387
140 	 387
141 	 425
142 	 396
143 	 390
144 	 417
145 	 404
146 	 392
147 	 347
148 	 379
149 	 366
150 	 384
151 	 413
152 	 388
153 	 400
154 	 412
155 	 404
156 	 377
157 	 394
158 	 381
159 	 401
160 	 391
161 	 407
162 	 380
163 	 394
164 	 415
165 	 427
166 	 403
167 	 399
168 	 419
169 	 401
170 	 422
171 	 406
172 	 409
173 	 421
174 	 386
175 	 430
176 	 413
177 	 399
178 	 402
179 	 365
180 	 431
181 	 410
182 	 396
183 	 444
184 	 377
185 	 368
186 	 375
187 	 349
188 	 340
189 	 296
190 	 338
191 	 291
192 	 287
193 	 260
194 	 251
195 	 227
196 	 233
197 	 225
198 	 194
199 	 184
200 	 190
201 	 170
202 	 173
203 	 156
204 	 164
205 	 170
206 	 152
207 	 175
208 	 164
209 	 152
210 	 142
211 	 148
212 	 134
213 	 143
214 	 118
215 	 131
216 	 115
217 	 153
218 	 138
219 	 127
220 	 125
221 	 143
222 	 121
223 	 142
224 	 126
225 	 143
226 	 113
227 	 126
228 	 128
229 	 154
230 	 112
231 	 146
232 	 129
233 	 124
234 	 143
235 	 161
236 	 130
237 	 148
238 	 129
239 	 134
240 	 151
241 	 167
242 	 151
243 	 174
244 	 200
245 	 197
246 	 257
247 	 297
248 	 314
249 	 365
250 	 425
251 	 454
252 	 579
253 	 648
254 	 788
255 	 907
256 	 1103
257 	 1211
258 	 1375
259 	 1646
260 	 1871
261 	 2071
262 	 2199
263 	 2523
264 	 2578
265 	 2678
266 	 2838
267 	 2874
268 	 3084
269 	 3012
270 	 3016
271 	 2965
272 	 2790
273 	 2725
274 	 2532
275 	 2332
276 	 2165
277 	 1901
278 	 1716
279 	 1507
280 	 1295
281 	 1068
282 	 885
283 	 778
284 	 559
285 	 458
286 	 371
287 	 283
288 	 254
289 	 166
290 	 119
291 	 78
292 	 67
293 	 41
294 	 35
295 	 21
296 	 16
297 	 24
298 	 12
299 	 8
300 	 6
301 	 4
302 	 5
303 	 0
304 	 3
305 	 5
306 	 1
307 	 2
308 	 3
309 	 2
310 	 7
311 	 1
312 	 4
313 	 3
314 	 3
315 	 2
316 	 6
317 	 4
318 	 1
319 	 1
320 	 4
321 	 2
322 	 7
323 	 1
324 	 3
325 	 1
326 	 1
327 	 6
328 	 3
329 	 3
330 	 2
331 	 0
332 	 5
333 	 0
334 	 6
335 	 4
336 	 1
337 	 8
338 	 4
339 	 7
340 	 3
341 	 3
342 	 6
343 	 2
344 	 2
345 	 4
346 	 2
347 	 5
348 	 4
349 	 3
350 	 2
351 	 4
352 	 0
353 	 3
354 	 2
355 	 4
356 	 4
357 	 1
358 	 1
359 	 5
360 	 4
361 	 2
362 	 2
363 	 3
364 	 1
365 	 8
366 	 1
367 	 3
368 	 5
369 	 1
370 	 3
371 	 1
372 	 3
373 	 1
374 	 2
375 	 4
376 	 4
377 	 1
378 	 1
379 	 2
380 	 4
381 	 2
382 	 3
383 	 3
384 	 4
385 	 3
386 	 0
387 	 4
388 	 3
389 	 5
390 	 1
391 	 4
392 	 2
393 	 1
394 	 1
395 	 1
396 	 0
397 	 1
398 	 2
399 	 3
400 	 4
401 	 3
402 	 3
403 	 2
404 	 1
405 	 3
406 	 4
407 	 5
408 	 2
409 	 2
410 	 1
411 	 3
412 	 3
413 	 3
414 	 0
415 	 4
416 	 3
417 	 0
418 	 3
419 	 0
420 	 1
421 	 2
422 	 0
423 	 2
424 	 0
425 	 4
426 	 1
427 	 1
428 	 3
429 	 2
430 	 2
431 	 6
432 	 3
433 	 7
434 	 5
435 	 2
436 	 3
437 	 1
438 	 1
439 	 2
440 	 0
441 	 2
442 	 1
443 	 0
444 	 3
445 	 1
446 	 1
447 	 0
448 	 1
449 	 0
450 	 2
451 	 1
452 	 2
453 	 3
454 	 1
455 	 2
456 	 3
457 	 4
458 	 1
459 	 1
460 	 2
461 	 2
462 	 1
463 	 0
464 	 1
465 	 1
466 	 2
467 	 3
468 	 2
469 	 3
470 	 1
471 	 1
472 	 2
473 	 1
474 	 1
475 	 2
476 	 1
477 	 1
478 	 4
479 	 1
480 	 2
481 	 1
482 	 0
483 	 0
484 	 0
485 	 3
486 	 1
487 	 0
488 	 1
489 	 1
490 	 0
491 	 4
492 	 3
493 	 3
494 	 2
495 	 3
496 	 0
497 	 3
498 	 2
499 	 1
500 	 2
501 	 0
502 	 0
503 	 3
504 	 3
505 	 0
506 	 2
507 	 2
508 	 3
509 	 0
510 	 0
511 	 1
512 	 1
513 	 1
514 	 0
515 	 4
516 	 0
517 	 1
518 	 1
519 	 1
520 	 0
521 	 2
522 	 2
523 	 0
524 	 0
525 	 3
526 	 2
527 	 1
528 	 1
529 	 1
530 	 1
531 	 3
532 	 2
533 	 1
534 	 1
535 	 0
536 	 2
537 	 4
538 	 1
539 	 4
540 	 0
541 	 1
542 	 1
543 	 1
544 	 1
545 	 3
546 	 1
547 	 2
548 	 1
549 	 1
550 	 2
551 	 0
552 	 1
553 	 3
554 	 1
555 	 2
556 	 0
557 	 1
558 	 0
559 	 5
560 	 3
561 	 0
562 	 3
563 	 2
564 	 1
565 	 4
566 	 1
567 	 3
568 	 1
569 	 3
570 	 2
571 	 0
572 	 3
573 	 2
574 	 4
575 	 0
576 	 0
577 	 5
578 	 4
579 	 2
580 	 1
581 	 6
582 	 2
583 	 1
584 	 4
585 	 1
586 	 1
587 	 3
588 	 1
589 	 1
590 	 2
591 	 1
592 	 1
593 	 2
594 	 0
595 	 3
596 	 3
597 	 1
598 	 1
599 	 1
600 	 1
601 	 0
602 	 0
603 	 0
604 	 1
605 	 0
606 	 2
607 	 2
608 	 2
609 	 3
610 	 0
611 	 0
612 	 0
613 	 0
614 	 1
615 	 2
616 	 0
617 	 3
618 	 1
619 	 0
620 	 1
621 	 1
622 	 0
623 	 0
624 	 0
625 	 0
626 	 1
627 	 0
628 	 0
629 	 0
630 	 0
631 	 0
632 	 0
633 	 1
634 	 0
635 	 0
636 	 0
637 	 0
638 	 0
639 	 0
640 	 0
641 	 0
642 	 1
643 	 0
644 	 0
645 	 0
646 	 0
647 	 0
648 	 0
649 	 0
650 	 0
651 	 0
652 	 1
653 	 0
654 	 0
655 	 0
656 	 1
657 	 0
658 	 1
659 	 0
660 	 0
661 	 0
662 	 0
663 	 1
664 	 0
665 	 0
666 	 0
667 	 1
668 	 0
669 	 0
670 	 0
671 	 0
672 	 0
673 	 1
674 	 0
675 	 1
676 	 0
677 	 0
678 	 1
679 	 0
680 	 0
681 	 1
682 	 3
683 	 1
684 	 0
685 	 0
686 	 0
687 	 4
688 	 0
689 	 0
690 	 0
691 	 0
692 	 0
693 	 1
694 	 0
695 	 1
696 	 0
697 	 0
698 	 1
699 	 0
700 	 0
701 	 1
702 	 1
703 	 0
704 	 1
705 	 0
706 	 0
707 	 1
708 	 1
709 	 0
710 	 1
711 	 0
712 	 0
713 	 1
714 	 2
715 	 1
716 	 1
717 	 0
718 	 0
719 	 0
720 	 1
721 	 0
722 	 1
723 	 0
724 	 1
725 	 0
726 	 0
727 	 0
728 	 0
729 	 1
730 	 0
731 	 0
732 	 0
733 	 0
734 	 0
735 	 0
736 	 0
737 	 0
738 	 0
739 	 0
740 	 0
741 	 0
742 	 0
743 	 0
744 	 0
745 	 0
746 	 0
747 	 0
748 	 0
749 	 0
750 	 0
751 	 0
752 	 0
753 	 0
754 	 0
755 	 0
756 	 0
757 	 0
758 	 4
759 	 0
760 	 0
761 	 0
762 	 0
763 	 0
764 	 0
765 	 0
766 	 0
767 	 0
768 	 0
769 	 0
770 	 0
771 	 0
772 	 1
773 	 0
774 	 0
775 	 0
776 	 0
777 	 0
778 	 2
779 	 0
780 	 0
781 	 0
782 	 0
783 	 0
784 	 0
785 	 0
786 	 0
787 	 0
788 	 2
789 	 1
790 	 1
791 	 0
792 	 0
793 	 0
794 	 0
795 	 0
796 	 0
797 	 0
798 	 0
799 	 0
800 	 0
801 	 0
802 	 0
803 	 0
804 	 0
805 	 0
806 	 0
807 	 0
808 	 0
809 	 0
810 	 0
811 	 0
812 	 0
813 	 0
814 	 0
815 	 0
816 	 1
817 	 0
818 	 0
819 	 2
820 	 0
821 	 0
822 	 0
823 	 0
824 	 0
825 	 0
826 	 1
827 	 1
828 	 0
829 	 0
830 	 1
831 	 0
832 	 0
833 	 0
834 	 1
835 	 0
836 	 0
837 	 1
838 	 0
839 	 2
840 	 1
841 	 0
842 	 1
843 	 0
844 	 0
845 	 0
846 	 0
847 	 1
848 	 0
849 	 0
850 	 1
851 	 0
852 	 0
853 	 0
854 	 1
855 	 1
856 	 1
857 	 0
858 	 0
859 	 0
860 	 0
861 	 0
862 	 0
863 	 0
864 	 0
865 	 1
866 	 0
867 	 0
868 	 0
869 	 0
870 	 0
871 	 0
872 	 0
873 	 0
874 	 0
875 	 0
876 	 0
877 	 0
878 	 0
879 	 0
880 	 0
881 	 0
882 	 1
883 	 0
884 	 0
885 	 0
886 	 0
887 	 0
888 	 0
889 	 1
890 	 0
891 	 0
892 	 1
893 	 1
894 	 0
895 	 0
896 	 0
897 	 0
898 	 0
899 	 0
900 	 0
901 	 1
902 	 0
903 	 0
904 	 1
905 	 0
906 	 0
907 	 0
908 	 0
909 	 0
910 	 0
911 	 0
912 	 0
913 	 0
914 	 0
915 	 0
916 	 0
917 	 0
918 	 0
919 	 0
920 	 0
921 	 0
922 	 0
923 	 0
924 	 0
925 	 0
926 	 0
927 	 0
928 	 0
929 	 0
930 	 0
931 	 0
932 	 0
933 	 1
934 	 0
935 	 0
936 	 0
937 	 0
938 	 1
939 	 0
940 	 0
941 	 0
942 	 0
943 	 0
944 	 0
945 	 0
946 	 0
947 	 0
948 	 0
949 	 0
950 	 0
951 	 1
952 	 0
953 	 0
954 	 0
955 	 0
956 	 1
957 	 0
958 	 0
959 	 0
960 	 0
961 	 0
962 	 0
963 	 0
964 	 0
965 	 0
966 	 1
967 	 0
968 	 0
969 	 0
970 	 0
971 	 0
972 	 0
973 	 0
974 	 0
975 	 0
976 	 0
977 	 1
978 	 0
979 	 0
980 	 0
981 	 0
982 	 0
983 	 0
984 	 0
985 	 0
986 	 0
987 	 0
988 	 0
989 	 0
990 	 0
991 	 0
992 	 1
993 	 0
994 	 0
995 	 1
996 	 0
997 	 0
998 	 1
999 	 1
1000 	 0
1001 	 1
1002 	 0
1003 	 0
1004 	 0
1005 	 0
1006 	 0
1007 	 0
1008 	 1
1009 	 0
1010 	 1
1011 	 0
1012 	 0
1013 	 0
1014 	 0
1015 	 0
1016 	 0
1017 	 2
1018 	 1
1019 	 0
1020 	 0
1021 	 0
1022 	 0
1023 	 0


# Energy calibration zero intercept, 0.0 for uncalibrated spectrum: 0.00000
# Energy calibration slope, 1.0 for uncalibrated spectrum: 0.00000
# Energy calibration quadratic term, 0.0 for uncalibrated spectrum: 0.00000
# Peak shape calibration zero intercept, 1.0 for uncalibrated spectrum: 1.00000
# Peak shape calibration slope, 0.0 for uncalibrated spectrum: 0.00000
# Peak shape calibration quadratic term, 0.0 for uncalibrated spectrum: 0.00000
# Detector description: 
# Sample description: 
