SpectrumName : Leerwuerfel_halbdiagonal.SPC
XUnit        : 
YUnit        : 
Length       : 1024
SubSpcNum    : 1
StartSubSpc  : 0
StopSubSpc   : 0
Comment      : 
Realtime     : 300.000
Livetime     : 299.210
Deadtime     : 0.790
FastChannel  : 148674
Starttime    : 03.04.2000 21:03:02
Stoptime     : 03.04.2000 21:08:02
CalibCoeff   : a=0.000000000E+000 b=0.000000000E+000 c=0.000000000E+000 d=0.000000000E+000
SpectrumText : 0 
0,0,0,0,0,0,0,0
8,34,95,153,194,225,227,249
255,260,301,283,309,315,283,294
325,340,293,267,309,315,303,322
284,307,328,333,353,342,328,376
369,328,360,363,342,382,369,371
389,395,416,416,374,410,416,388
417,365,389,447,405,445,420,429
440,440,459,447,480,476,485,484
489,528,461,487,495,516,491,502
493,482,477,476,471,511,471,452
441,504,500,468,453,454,458,486
440,474,473,429,437,422,423,451
447,482,422,443,407,438,395,446
400,386,423,394,387,374,411,391
399,393,427,377,388,383,394,453
403,396,404,401,407,385,426,419
375,389,406,369,409,401,375,374
384,403,396,400,396,375,413,382
392,421,407,388,425,435,374,403
425,400,401,416,415,389,431,426
410,422,414,423,379,395,404,439
446,422,430,395,424,425,373,387
403,349,333,345,331,316,309,307
284,270,256,245,212,211,191,186
172,180,158,172,169,189,153,165
133,162,128,143,145,134,128,145
134,119,129,115,126,125,138,121
115,128,144,118,130,122,135,143
129,126,122,150,147,143,152,155
151,157,147,167,196,212,227,298
299,390,412,467,563,661,814,914
1093,1218,1463,1656,1860,2051,2273,2501
2563,2752,2751,2998,2968,3024,3034,2809
2830,2736,2507,2322,2184,1952,1684,1450
1200,1055,864,731,631,492,401,280
235,159,119,79,63,35,37,20
12,15,8,11,2,8,4,1
4,3,2,1,3,3,6,1
3,2,4,1,2,3,4,3
2,5,3,2,4,2,4,3
1,5,2,0,0,4,1,3
3,6,1,1,3,5,1,0
1,2,1,0,4,0,2,2
3,4,3,1,3,1,3,5
4,2,1,2,3,1,4,2
4,3,4,2,1,0,6,7
3,2,1,3,3,1,4,2
2,2,3,3,6,1,2,3
2,0,4,2,1,3,4,2
1,3,2,2,1,1,2,2
2,1,5,0,1,1,1,3
2,4,4,1,2,3,2,2
3,1,4,1,2,3,1,1
1,0,2,2,1,2,1,3
2,3,2,2,0,1,1,3
1,2,2,5,4,1,3,2
3,1,2,2,1,0,4,4
1,2,3,3,1,1,1,3
2,1,0,2,2,0,1,0
0,0,2,1,0,0,1,2
4,1,1,5,1,1,1,0
0,1,0,2,2,2,1,2
2,3,0,2,1,0,1,1
0,0,3,1,2,1,2,1
1,1,2,0,2,2,2,3
2,0,2,1,4,1,1,3
0,1,2,0,2,1,3,2
1,2,1,0,1,1,2,1
2,2,2,0,2,3,3,4
1,3,0,1,2,1,1,4
2,2,2,1,3,0,4,3
3,1,3,2,2,2,2,2
5,0,1,2,3,2,1,1
4,3,0,1,4,0,2,1
3,2,2,1,0,0,1,1
0,0,0,1,0,0,0,1
0,0,0,0,0,0,1,1
0,1,1,2,0,0,0,1
0,2,0,1,1,1,0,0
2,0,0,0,0,2,1,0
0,0,0,1,1,0,0,1
1,0,0,0,1,0,0,0
0,1,0,1,0,0,0,0
0,0,0,0,0,0,0,0
0,0,1,0,0,0,0,0
1,0,2,0,0,1,0,1
0,0,1,0,0,0,0,0
1,0,0,0,0,0,0,0
0,0,1,0,1,0,0,0
0,0,0,0,0,0,0,0
0,1,0,1,0,0,0,0
0,0,1,0,0,0,0,0
0,0,0,1,0,0,1,2
0,0,0,0,0,0,0,0
0,0,0,0,0,0,0,0
0,0,0,1,0,0,1,0
0,0,0,0,0,0,0,1
0,0,0,0,1,1,0,0
0,1,0,0,0,1,2,0
0,0,0,0,0,0,1,0
1,0,3,0,0,1,0,0
1,1,0,0,1,0,0,0
1,1,0,0,0,0,0,1
1,0,0,0,0,0,0,0
0,0,0,0,0,0,1,0
0,0,0,0,1,1,0,0
0,0,0,0,0,0,0,0
0,0,0,0,0,0,3,1
0,0,0,0,0,1,0,0
0,1,0,0,0,0,0,0
0,0,0,0,0,1,0,0
0,0,0,0,0,0,0,0
0,0,0,0,0,0,0,0
0,0,0,1,0,0,0,0
0,0,0,0,0,0,0,0
0,0,0,0,0,0,0,0
0,0,1,0,0,1,0,0
0,0,0,0,0,0,0,0
1,2,0,0,0,0,0,0
0,0,0,0,0,0,0,1
1,0,0,1,0,0,0,0
0,1,1,0,0,0,0,1
0,1,2,0,1,0,0,0
0,0,0,0,0,0,0,1
0,2,0,0,1,0,0,0
0,1,0,0,0,0,1,0
1,0,1,0,1,0,0,0
