SpectrumName : Leerwuerfel_gerade.SPC
XUnit        : 
YUnit        : 
Length       : 1024
SubSpcNum    : 1
StartSubSpc  : 0
StopSubSpc   : 0
Comment      : 
Realtime     : 302.770
Livetime     : 302.020
Deadtime     : 0.750
FastChannel  : 148532
Starttime    : 03.04.2000 20:55:12
Stoptime     : 03.04.2000 21:00:14
CalibCoeff   : a=0.000000000E+000 b=0.000000000E+000 c=0.000000000E+000 d=0.000000000E+000
SpectrumText : 0 
0,0,0,0,0,0,0,0
8,39,88,174,176,248,223,235
292,270,293,273,299,332,338,307
299,307,343,314,303,321,334,296
335,356,325,323,323,358,306,368
333,376,354,353,327,360,343,393
412,391,413,426,403,384,365,407
404,416,420,413,425,439,417,445
451,435,427,436,423,435,483,477
463,457,508,494,484,513,476,505
541,473,496,504,476,462,443,501
476,470,525,463,456,439,403,485
470,449,439,402,430,445,440,433
405,431,437,406,432,419,399,392
383,393,425,419,415,413,427,403
436,366,413,391,445,391,417,372
452,388,397,400,390,414,395,411
362,428,369,375,382,394,361,404
364,440,409,379,382,403,418,417
403,364,385,349,390,382,417,418
419,390,423,388,413,440,383,435
386,417,371,409,419,411,419,420
413,405,422,395,376,401,428,366
375,369,303,338,328,295,340,275
266,243,248,252,209,192,235,198
191,195,179,189,173,169,175,171
169,155,155,130,147,149,144,152
142,113,132,132,127,130,112,119
114,139,135,130,144,117,124,156
120,124,138,154,139,140,132,158
145,170,163,167,194,200,221,292
289,362,436,503,616,729,831,969
1133,1295,1409,1754,1885,2104,2166,2468
2609,2733,2758,2915,3011,3082,2941,3011
2761,2595,2442,2294,2114,1896,1634,1440
1272,1004,883,768,597,480,364,295
230,164,114,86,61,40,28,25
19,12,11,9,7,6,5,2
7,1,4,5,2,4,3,3
1,3,3,2,3,5,1,5
4,7,1,3,2,3,4,4
2,5,1,4,5,1,5,4
5,3,3,2,2,3,4,3
5,3,4,5,3,2,2,5
0,4,3,6,3,5,3,3
6,0,4,4,0,3,3,3
2,4,1,1,3,4,0,2
5,3,4,1,5,1,3,7
2,1,1,4,2,2,5,2
3,1,0,1,2,3,1,3
0,2,1,2,1,2,3,3
1,1,2,1,3,3,1,3
1,5,3,2,3,1,0,1
0,1,1,1,0,2,3,2
4,2,1,0,3,2,1,1
3,1,1,3,0,3,2,3
1,3,3,2,2,8,2,3
1,1,2,1,3,3,3,1
5,4,3,3,6,3,0,0
2,2,2,2,3,2,2,1
1,1,2,2,2,1,2,2
1,2,3,1,2,0,0,1
1,2,1,0,4,0,2,1
2,2,3,2,0,2,0,1
0,0,2,1,1,3,0,1
0,0,1,1,0,3,1,0
2,0,0,1,2,0,1,2
1,1,0,3,0,1,0,0
1,2,2,2,3,1,1,1
2,0,3,1,4,1,0,3
5,3,3,2,3,1,3,2
2,3,2,2,3,2,1,2
2,2,3,6,1,1,3,5
0,2,2,3,2,2,0,2
1,3,0,3,0,0,3,2
1,1,0,2,2,0,1,0
0,1,0,0,0,0,0,0
0,0,0,1,1,0,0,0
0,1,0,0,1,0,0,2
1,0,1,0,0,1,1,0
0,1,1,2,0,0,0,1
1,1,0,0,0,0,0,0
0,0,0,0,1,0,0,3
2,0,0,0,0,0,1,0
1,0,0,0,0,1,1,0
0,0,0,1,0,1,0,0
0,0,0,0,2,2,0,1
0,0,0,0,0,0,0,0
0,0,2,0,0,2,1,1
0,0,2,0,0,0,1,0
0,0,0,0,0,0,0,0
0,0,0,0,0,0,2,0
0,1,0,0,1,1,0,0
0,1,0,0,0,0,0,0
0,0,0,0,0,0,0,0
1,0,0,1,0,0,0,1
1,0,0,0,0,0,1,0
1,0,0,0,0,0,0,2
0,0,0,0,0,0,0,0
0,0,0,0,1,0,2,0
0,0,0,0,0,2,0,0
0,0,1,0,1,0,0,0
0,0,1,1,1,1,0,1
0,0,0,0,0,0,0,0
1,1,0,0,1,0,1,0
0,1,1,0,0,0,0,1
0,0,0,0,0,0,0,0
0,2,0,0,0,0,1,0
0,1,0,0,0,0,1,0
0,0,0,0,0,0,1,0
0,0,0,1,0,0,1,0
0,0,0,0,0,0,0,0
0,0,1,0,0,0,2,0
0,0,0,0,0,0,1,1
0,0,0,0,0,0,0,0
0,0,1,0,0,2,0,0
0,1,1,0,0,0,0,0
0,0,0,0,0,0,0,0
0,1,0,0,1,0,0,0
0,0,0,0,0,0,0,0
0,0,0,0,0,1,0,0
0,0,0,0,0,0,0,0
0,0,0,0,0,0,0,0
0,0,0,0,0,0,0,0
0,0,0,1,0,0,0,0
0,0,0,0,0,0,0,0
1,0,1,0,0,1,0,0
0,2,0,0,0,0,0,0
