SpectrumName : Wuerfel_1_Proj_3.SPC
XUnit        : 
YUnit        : 
Length       : 1024
SubSpcNum    : 1
StartSubSpc  : 0
StopSubSpc   : 0
Comment      : 
Realtime     : 300.000
Livetime     : 299.290
Deadtime     : 0.710
FastChannel  : 29460
Starttime    : 03.04.2000 21:58:42
Stoptime     : 03.04.2000 22:03:42
CalibCoeff   : a=0.000000000E+000 b=0.000000000E+000 c=0.000000000E+000 d=0.000000000E+000
SpectrumText : 0 
0,0,0,0,0,0,0,0
3,5,13,24,32,35,37,64
59,55,60,56,56,61,75,59
71,56,77,54,44,74,81,68
68,61,65,71,70,81,73,86
86,91,82,94,102,100,91,92
101,102,105,105,85,116,99,116
108,96,98,96,122,107,113,124
106,113,108,120,106,111,130,114
126,115,105,109,124,105,107,113
123,129,95,115,90,103,96,102
91,105,104,103,115,103,108,96
103,94,96,72,87,101,97,104
82,74,85,91,96,92,85,93
96,89,76,86,88,85,93,80
89,92,80,78,76,94,72,77
70,84,90,72,73,83,72,89
72,83,87,82,86,55,65,90
65,69,82,77,71,78,78,67
93,85,87,65,69,69,67,73
85,71,73,85,82,75,100,71
79,74,83,75,61,73,92,68
80,71,65,73,81,76,67,70
75,53,72,69,50,61,63,51
55,42,54,49,31,34,42,34
43,46,29,44,42,20,28,30
29,26,31,32,29,29,28,28
24,30,28,45,26,28,29,33
22,25,31,28,35,24,17,25
14,30,36,40,23,22,27,30
34,39,26,26,30,44,42,46
62,60,72,91,113,130,138,178
225,229,268,295,328,322,397,408
452,459,505,517,556,500,489,489
484,444,418,345,328,298,283,241
208,153,126,108,95,84,48,41
27,37,20,13,12,8,8,6
8,6,3,5,5,2,7,4
2,3,1,3,6,3,3,5
0,6,2,4,4,4,4,4
3,2,5,2,7,5,2,5
0,2,5,2,5,2,0,6
3,6,5,2,4,2,4,1
2,0,4,3,2,1,5,3
5,3,3,2,3,7,5,3
4,1,2,2,6,2,0,2
4,1,4,3,3,2,5,4
2,2,2,2,3,6,3,4
5,4,1,3,2,2,0,3
1,4,0,2,2,1,4,2
3,0,6,4,1,3,2,1
4,2,3,0,2,3,1,1
2,3,2,3,2,3,3,2
4,0,3,1,0,1,3,0
2,1,2,2,2,0,3,1
3,4,2,5,1,2,2,3
1,0,3,4,4,6,2,3
2,4,3,2,2,3,2,3
1,0,0,2,1,2,1,4
0,1,2,3,4,0,2,1
2,0,1,1,1,1,1,3
0,1,1,3,0,3,3,1
0,2,1,2,0,3,1,0
0,2,1,2,3,1,1,1
1,0,0,1,1,2,4,1
0,1,0,0,3,2,2,2
2,0,2,0,1,0,0,1
0,0,0,1,0,2,1,1
0,0,0,2,1,0,2,2
2,3,4,2,1,1,3,0
3,2,6,6,2,4,1,4
3,3,0,5,3,1,3,3
2,3,2,3,1,1,1,5
4,2,0,5,3,6,0,2
0,1,0,4,0,0,0,2
2,0,0,0,2,0,0,1
0,1,1,0,0,0,0,1
0,0,0,0,1,2,0,0
0,0,0,0,0,0,1,1
1,0,0,0,0,0,0,2
1,0,0,2,0,0,0,0
0,0,0,0,1,0,0,0
0,1,0,0,1,0,0,0
0,0,3,0,0,0,1,0
1,0,2,0,1,0,2,0
0,0,0,0,0,1,1,0
2,0,0,1,0,0,0,0
1,0,0,0,1,0,0,0
0,0,1,0,1,0,0,0
1,0,1,0,1,1,0,0
0,1,2,0,0,0,0,1
0,0,0,0,0,0,1,0
0,0,0,1,0,0,0,0
0,1,0,0,1,0,0,1
1,0,0,1,0,1,0,0
0,0,0,0,1,0,0,0
1,0,0,1,0,0,0,0
0,0,0,0,0,0,0,1
0,1,0,1,1,0,0,0
0,0,0,0,0,0,0,0
0,0,0,0,0,0,0,0
0,0,0,1,0,0,0,0
0,1,0,1,0,0,1,0
0,0,0,0,0,2,2,0
0,1,0,0,0,0,0,1
0,1,0,0,1,0,0,0
0,1,1,0,1,0,0,0
2,0,0,0,0,0,0,0
0,0,0,2,0,0,0,0
0,0,0,1,0,0,0,0
1,0,0,0,0,1,0,0
1,0,0,0,0,0,0,0
0,0,0,0,0,0,0,0
1,0,0,0,0,0,0,0
0,0,0,0,1,0,0,0
0,0,0,0,0,0,0,0
0,0,1,0,0,0,0,0
0,0,0,0,0,0,0,0
0,0,0,0,0,1,0,0
0,1,0,0,0,0,0,0
0,0,0,0,1,0,0,0
0,0,0,0,0,0,0,0
0,0,0,0,0,0,0,0
0,0,0,0,0,0,0,0
0,0,0,0,0,0,0,0
0,0,0,0,0,0,0,0
0,0,0,0,1,0,1,0
0,0,0,0,0,0,0,0
