SpectrumName : Wuerfel_2_Proj_10.SPC
XUnit        : 
YUnit        : 
Length       : 1024
SubSpcNum    : 1
StartSubSpc  : 0
StopSubSpc   : 0
Comment      : 
Realtime     : 300.000
Livetime     : 298.880
Deadtime     : 1.120
FastChannel  : 18676
Starttime    : 03.04.2000 23:26:50
Stoptime     : 03.04.2000 23:31:50
CalibCoeff   : a=0.000000000E+000 b=0.000000000E+000 c=0.000000000E+000 d=0.000000000E+000
SpectrumText : 0 
0,0,0,0,0,0,0,0
2,5,5,24,25,25,28,29
31,38,46,35,50,37,43,36
48,51,42,45,37,55,51,40
33,54,36,54,44,64,59,48
51,73,64,60,69,72,70,79
73,61,54,87,84,67,86,77
79,69,93,94,110,86,82,84
77,85,74,89,85,93,75,90
84,86,78,83,73,78,83,91
81,74,84,76,73,67,71,71
86,66,77,69,55,66,71,67
71,67,53,58,59,59,70,62
60,56,60,66,56,68,80,60
56,50,59,54,46,52,48,66
49,65,52,48,48,66,42,52
56,43,46,56,52,51,55,47
40,61,49,59,49,60,47,51
45,47,43,46,49,34,37,38
44,42,37,49,55,53,46,53
38,49,41,45,48,56,48,37
40,49,34,57,39,57,31,52
51,43,59,36,33,34,54,46
50,51,42,29,51,33,37,23
21,42,31,23,23,20,29,24
24,14,27,25,28,13,15,23
24,17,15,21,25,8,9,16
9,24,22,14,18,24,13,21
20,18,18,24,15,15,19,11
14,20,22,25,16,15,16,13
21,23,18,20,24,21,47,29
30,42,49,47,60,74,90,94
109,133,157,164,186,192,202,219
219,258,239,314,284,296,256,272
243,245,185,180,187,174,148,135
106,95,66,55,44,41,30,18
22,18,10,10,6,4,5,6
4,5,4,5,4,2,4,4
1,3,1,1,3,1,4,2
2,1,4,3,2,5,4,7
0,1,2,2,3,4,2,1
4,2,4,4,3,1,1,2
2,2,4,1,3,3,4,4
3,2,4,2,6,5,4,2
4,2,6,4,4,1,3,2
4,4,2,3,3,2,2,5
4,6,3,5,3,2,5,3
3,2,2,5,5,3,1,3
4,5,1,5,3,2,1,6
3,5,1,2,3,3,2,3
3,3,5,0,2,2,2,4
0,3,2,1,0,2,1,1
4,2,2,2,2,2,2,1
2,1,2,1,2,1,3,1
3,1,2,1,0,1,2,3
3,2,1,1,2,1,1,3
1,4,1,1,1,1,3,2
0,1,2,3,3,1,1,1
3,2,0,2,1,2,0,0
1,0,2,2,2,3,2,4
1,5,3,1,1,2,1,1
2,0,1,2,0,0,2,0
0,1,0,1,1,2,1,0
1,2,0,3,1,0,0,0
0,0,0,0,2,0,2,2
0,1,2,0,0,0,2,2
0,0,0,0,1,0,1,0
0,2,1,1,0,2,2,3
2,3,0,0,2,2,0,3
3,1,0,1,3,3,2,2
2,5,2,1,0,2,2,1
4,1,1,4,0,3,1,3
5,1,2,1,0,2,3,3
1,0,0,1,4,2,5,1
0,2,3,0,2,1,0,0
1,1,1,1,0,0,2,0
0,0,0,1,4,0,2,0
2,0,0,1,0,1,2,0
1,0,0,0,1,1,0,1
0,0,0,0,0,0,1,0
0,0,0,1,1,0,0,0
0,1,0,0,0,0,0,0
0,0,0,0,0,0,0,0
0,1,1,0,0,2,0,1
3,0,0,2,0,0,0,2
0,0,0,0,1,1,4,0
1,0,1,0,0,2,0,0
1,1,0,1,1,0,0,0
0,0,0,0,0,0,1,0
0,0,0,0,1,0,0,2
0,1,0,1,1,0,0,0
0,0,1,0,0,0,0,0
0,0,0,0,1,0,0,0
1,0,1,1,0,1,0,1
0,0,0,0,1,1,0,0
0,0,0,0,0,0,1,1
0,0,1,0,0,0,0,0
0,0,0,1,0,1,0,0
0,1,2,0,0,0,0,0
1,0,0,0,1,1,0,1
0,0,0,0,0,0,0,1
0,0,0,0,2,0,0,0
0,0,0,0,1,0,0,0
0,0,0,0,1,0,0,0
0,0,1,0,0,1,1,0
0,0,1,0,0,0,1,0
0,0,0,0,0,0,0,1
2,1,2,0,2,0,1,0
0,0,0,0,0,1,0,0
0,1,1,0,1,1,0,0
0,0,0,0,0,1,0,1
0,0,0,0,0,0,1,0
0,1,0,0,1,0,0,0
0,1,1,0,1,0,1,0
0,0,0,0,0,0,0,0
0,0,0,0,0,0,0,0
0,0,0,1,0,0,1,0
0,0,0,0,0,0,0,0
0,0,0,0,1,0,0,0
0,0,0,0,0,0,0,0
0,0,0,0,0,0,0,0
0,0,0,1,0,0,0,0
0,0,0,0,0,0,0,0
1,0,1,0,0,0,0,0
0,1,0,0,0,1,0,0
1,2,0,0,0,1,0,0
0,1,0,0,0,0,0,1
2,1,0,0,0,0,0,0
