SpectrumName : Wuerfel_2_Proj_8.SPC
XUnit        : 
YUnit        : 
Length       : 1024
SubSpcNum    : 1
StartSubSpc  : 0
StopSubSpc   : 0
Comment      : 
Realtime     : 300.000
Livetime     : 298.530
Deadtime     : 1.470
FastChannel  : 11582
Starttime    : 25.01.2016 13:47:56
Stoptime     : 25.01.2016 13:52:56
CalibCoeff   : a=0.000000000E+000 b=0.000000000E+000 c=0.000000000E+000 d=0.000000000E+000
SpectrumText : 0 
0,0,0,0,0,0,0,0
0,2,4,15,14,9,13,15
31,15,29,19,22,22,23,23
17,26,15,26,30,29,35,27
26,31,33,34,43,40,51,31
44,55,40,37,54,45,49,43
56,49,49,65,58,54,60,54
67,68,67,62,64,78,57,63
52,68,45,54,46,71,48,64
76,71,37,62,78,65,70,68
46,68,64,59,66,52,54,57
49,59,60,57,47,50,49,49
58,45,47,35,48,50,53,42
42,52,40,46,31,40,37,41
45,39,44,35,39,39,46,41
32,39,39,31,22,35,35,32
23,40,32,35,34,31,36,26
31,27,34,25,34,35,39,38
31,29,32,25,31,30,27,20
28,25,17,33,29,29,34,30
27,25,25,34,28,29,28,24
31,23,25,25,27,23,26,16
25,12,25,25,19,28,20,17
24,20,18,23,14,18,17,23
24,17,19,20,21,15,12,11
12,18,15,15,16,11,16,13
14,19,12,18,17,14,10,7
7,13,15,14,9,5,10,15
10,14,15,9,18,6,12,13
11,8,16,11,11,16,11,9
15,18,6,16,19,13,15,15
23,22,32,27,34,39,43,40
49,73,45,68,76,77,98,96
125,107,109,130,119,123,99,113
106,102,89,84,69,63,65,55
44,41,42,24,22,22,13,10
10,8,3,5,3,7,3,3
4,3,5,2,2,2,8,4
6,2,4,0,2,3,1,2
2,6,2,3,4,2,2,4
2,2,3,5,6,2,2,4
3,5,3,4,1,0,2,2
3,5,1,4,2,4,3,3
5,2,0,2,1,0,3,3
2,3,2,4,1,2,3,4
2,3,4,2,1,1,4,2
2,2,3,1,3,8,3,3
4,3,3,4,3,2,1,3
1,5,3,3,2,3,1,1
2,0,3,2,3,3,0,3
3,5,1,0,1,3,2,1
1,1,1,2,3,2,0,2
2,2,1,2,5,1,1,2
1,1,2,2,1,1,1,2
1,4,2,1,1,1,3,0
3,3,3,0,1,2,1,7
3,1,4,2,2,0,1,2
3,1,2,3,3,1,0,2
0,1,3,6,3,1,3,2
0,0,1,3,3,0,2,1
0,2,2,0,2,0,4,0
0,1,0,5,1,1,2,0
3,0,2,1,1,1,0,0
0,2,4,1,0,1,1,3
1,4,2,0,2,1,1,0
1,0,0,1,1,1,0,0
3,1,0,3,2,1,3,0
3,2,1,0,0,1,3,1
1,1,2,0,2,1,1,1
2,1,1,0,0,1,1,3
3,1,3,2,2,2,4,5
2,4,3,2,6,2,1,1
0,3,6,1,2,1,2,3
1,2,3,4,3,4,0,1
4,3,1,3,2,0,1,0
0,1,2,0,1,1,1,1
2,0,1,0,1,0,1,2
2,3,0,1,2,1,0,0
0,0,0,2,1,1,0,0
1,0,0,1,1,0,0,0
0,0,0,0,2,0,0,0
1,1,1,1,0,1,0,0
0,0,0,1,0,1,0,0
0,1,1,0,1,0,0,1
1,1,0,1,0,1,0,0
1,1,0,1,0,0,0,1
0,0,0,0,0,0,0,0
0,2,3,1,0,0,2,0
1,0,1,0,0,2,1,0
0,0,0,1,1,0,0,0
0,0,2,0,0,0,0,0
0,0,1,0,3,0,1,0
1,0,0,0,1,0,0,1
0,0,1,0,0,0,0,0
0,0,1,0,2,2,0,0
0,0,0,0,0,0,0,0
0,0,1,0,0,0,0,0
0,0,0,0,0,0,0,0
1,0,0,1,0,0,0,0
0,0,0,0,0,1,0,0
0,0,0,1,1,0,0,0
0,0,2,0,0,0,0,0
0,0,1,0,0,0,0,2
0,0,1,1,0,0,1,1
0,0,0,0,1,0,0,0
0,0,0,1,1,0,0,1
0,2,0,1,0,0,0,1
0,0,0,0,0,0,0,1
1,0,1,1,0,0,0,0
0,0,0,0,1,0,0,1
2,0,0,0,0,0,0,0
0,0,1,1,0,1,0,1
0,0,0,1,0,0,0,0
0,0,0,0,0,0,0,0
0,0,1,0,1,0,0,0
0,0,0,0,0,1,0,0
0,0,1,0,0,0,0,1
0,0,0,1,0,0,0,0
0,0,1,1,0,0,0,0
0,0,0,0,0,0,0,0
0,1,0,0,0,0,0,1
0,0,0,0,0,0,0,0
0,0,0,0,1,1,0,0
0,0,0,1,0,0,0,0
0,0,0,0,0,1,0,0
0,0,0,1,0,1,0,0
0,1,0,0,0,1,0,1
0,0,1,0,0,2,0,0
