SpectrumName : Wuerfel_1_Proj_8.SPC
XUnit        : 
YUnit        : 
Length       : 1024
SubSpcNum    : 1
StartSubSpc  : 0
StopSubSpc   : 0
Comment      : 
Realtime     : 300.000
Livetime     : 299.510
Deadtime     : 0.490
FastChannel  : 29696
Starttime    : 03.04.2000 21:35:03
Stoptime     : 03.04.2000 21:40:03
CalibCoeff   : a=0.000000000E+000 b=0.000000000E+000 c=0.000000000E+000 d=0.000000000E+000
SpectrumText : 0 
0,0,1,0,0,0,0,0
2,4,11,27,44,38,50,66
60,57,64,56,59,66,63,68
50,58,72,70,55,69,59,87
77,73,80,75,77,75,83,85
89,66,77,80,99,90,97,94
91,92,101,112,100,105,107,112
95,107,113,110,114,105,113,114
105,103,120,90,99,121,115,140
107,106,110,124,110,110,122,116
94,114,91,104,102,132,114,96
85,113,82,127,97,98,103,88
108,105,80,93,86,100,105,95
87,88,95,84,77,87,108,94
81,91,71,99,89,85,82,87
94,75,93,91,83,85,87,83
85,80,80,87,64,72,77,64
69,70,100,75,73,83,81,89
84,62,80,86,76,74,93,70
74,89,77,77,77,69,89,84
78,75,78,74,90,77,78,82
68,68,72,75,64,68,78,83
87,85,65,64,83,71,80,72
69,78,68,63,71,59,56,48
53,56,41,49,57,29,39,42
32,34,38,25,35,35,32,34
20,24,41,38,33,32,23,28
22,33,25,40,26,19,36,35
18,25,31,24,28,27,28,27
25,31,32,32,30,31,32,38
36,37,46,36,41,53,49,60
68,79,95,86,102,133,147,190
231,219,254,272,354,398,418,419
445,489,504,506,509,524,511,516
435,439,394,391,332,292,260,199
168,144,137,118,106,73,55,35
39,22,28,14,13,4,5,6
7,3,3,6,2,4,2,1
4,5,3,0,1,3,2,5
4,3,5,5,3,4,1,3
3,5,3,4,6,5,8,1
4,0,2,5,3,4,2,2
2,1,4,3,2,2,3,5
4,5,4,4,3,3,1,2
1,2,1,4,5,3,3,6
1,3,3,2,3,3,2,1
0,5,3,1,2,6,3,1
2,1,2,3,3,3,0,1
4,3,1,2,2,1,1,1
2,3,3,2,3,2,4,2
2,6,3,2,2,2,2,3
2,2,5,3,3,2,3,1
2,0,1,1,1,1,0,2
2,1,2,1,0,1,3,4
2,2,1,2,2,2,1,3
1,0,3,2,3,1,1,1
2,1,1,3,2,1,4,3
2,2,0,3,2,0,1,2
3,2,1,1,1,2,3,1
0,2,0,1,0,1,0,0
3,1,2,1,2,2,0,1
2,1,3,1,0,1,1,1
1,0,0,2,1,1,0,2
0,1,1,1,1,4,1,1
1,2,1,0,0,0,1,2
1,0,1,1,1,0,0,1
1,0,0,2,0,0,2,0
1,0,2,1,0,0,0,1
2,0,1,1,3,0,1,1
3,2,0,1,3,2,1,0
1,0,1,1,3,1,1,3
3,4,7,4,2,3,5,5
2,5,2,2,1,5,1,2
0,1,1,1,0,3,2,4
1,2,0,2,3,0,0,1
0,1,2,0,0,1,0,0
1,0,0,0,0,1,0,1
0,0,3,0,1,0,2,0
1,0,0,2,1,0,0,0
1,1,0,0,1,0,0,0
0,0,0,1,1,0,0,2
0,0,0,0,0,0,0,0
0,0,0,0,2,1,0,1
0,0,0,0,0,0,2,0
0,0,0,0,1,0,0,0
0,0,0,1,0,0,0,0
0,1,0,0,1,1,1,0
0,0,0,2,0,0,0,1
0,0,1,1,1,0,0,1
0,0,0,1,0,1,0,0
0,1,1,0,0,0,0,0
1,0,0,0,0,0,0,0
0,0,0,1,1,0,0,0
0,0,0,0,1,0,0,0
0,0,0,1,0,0,1,0
0,0,0,0,0,0,1,0
0,0,1,0,0,1,0,1
0,0,0,0,0,1,0,0
0,0,0,1,0,0,1,0
0,0,0,0,0,0,1,1
1,0,0,0,0,0,0,0
0,0,0,1,0,0,0,0
1,1,0,0,1,0,0,0
0,0,0,0,0,0,0,0
0,0,0,2,0,0,0,1
0,0,0,0,0,0,0,1
0,2,1,0,0,0,0,1
0,0,0,0,0,0,0,0
0,0,0,0,0,0,0,1
0,0,2,1,0,0,0,1
0,1,0,0,0,0,1,0
0,0,0,1,0,1,1,0
0,0,0,0,0,1,1,0
0,0,1,0,0,0,0,0
0,0,0,0,0,0,0,0
0,1,0,0,0,0,1,0
0,1,0,0,0,1,0,0
0,0,0,0,0,1,0,0
0,0,0,1,0,0,0,0
0,0,0,0,0,0,1,0
0,0,0,0,0,0,0,0
0,0,0,1,0,0,0,0
0,0,0,0,0,0,0,0
0,0,0,0,0,0,0,2
0,1,0,0,0,0,0,0
0,0,0,0,1,0,1,0
0,1,1,0,1,0,0,0
1,0,0,0,0,1,0,0
