SpectrumName : Wuerfel_4_Proj_02.SPC
XUnit        : 
YUnit        : 
Length       : 1024
SubSpcNum    : 1
StartSubSpc  : 0
StopSubSpc   : 0
Comment      : 
Realtime     : 300.000
Livetime     : 299.180
Deadtime     : 0.820
FastChannel  : 146930
Starttime    : 25.01.2016 14:06:08
Stoptime     : 25.01.2016 14:11:08
CalibCoeff   : a=0.000000000E+000 b=0.000000000E+000 c=0.000000000E+000 d=0.000000000E+000
SpectrumText : 0 
0,0,0,0,0,0,0,0
11,33,94,171,199,217,241,276
271,275,258,282,277,296,326,286
281,281,303,287,342,309,313,304
291,315,291,303,321,333,334,330
370,367,371,363,367,365,383,342
366,359,409,404,425,436,377,399
403,368,384,399,454,398,434,410
421,405,448,431,416,463,457,475
454,423,471,487,502,484,517,523
497,497,482,528,485,469,493,525
460,456,435,437,468,484,477,427
408,434,455,413,425,481,396,445
405,449,429,460,437,382,397,416
402,388,384,371,380,400,437,409
392,408,379,422,390,377,419,356
411,350,387,381,380,401,382,403
404,396,380,359,379,420,362,385
346,398,383,365,359,406,410,394
381,396,415,351,389,393,398,374
405,426,413,385,385,379,400,396
386,393,381,459,388,390,436,410
409,376,431,413,417,398,396,384
363,344,353,333,330,308,331,293
278,270,264,241,244,224,206,205
205,189,165,171,150,168,164,152
134,154,143,152,146,152,158,136
137,139,131,133,133,143,111,118
129,123,105,131,133,125,127,129
137,120,134,146,122,115,146,141
127,156,158,155,141,198,198,242
251,310,348,413,500,573,676,816
916,1087,1246,1402,1595,1781,2017,2229
2362,2577,2695,2794,3002,2945,3016,2885
2903,2859,2595,2472,2252,2143,1910,1732
1473,1281,1115,925,720,554,478,371
304,190,168,128,100,64,53,36
24,18,16,9,4,7,8,8
4,4,3,5,1,6,1,3
5,2,3,5,2,5,3,2
3,5,4,4,4,0,5,4
4,3,3,2,5,2,1,6
3,4,5,0,2,2,7,5
4,9,3,1,3,3,3,3
5,2,1,3,3,0,2,4
5,5,3,3,3,3,3,3
0,3,5,4,0,2,3,2
1,8,2,5,5,3,0,2
2,3,4,4,2,1,3,2
0,2,4,1,2,4,3,2
1,1,1,1,3,1,2,1
3,1,0,3,6,1,2,4
0,0,2,1,5,4,4,0
1,1,1,2,0,1,3,0
2,3,2,1,3,4,2,3
1,5,4,0,2,3,1,4
4,3,1,6,1,1,0,1
5,2,1,4,2,4,0,2
0,1,2,2,1,2,2,1
2,2,5,2,3,1,1,3
2,2,0,0,2,0,0,2
1,5,0,2,2,3,2,0
1,0,0,1,0,1,6,1
3,1,2,1,1,4,2,1
1,0,2,1,0,0,1,2
1,1,1,1,0,1,1,1
2,2,0,1,1,2,1,0
0,0,1,1,1,0,2,6
3,2,2,0,0,2,1,1
0,2,2,1,0,1,6,1
1,4,0,1,0,3,1,4
2,1,0,4,3,5,4,4
3,0,2,2,1,1,3,1
2,4,1,2,3,2,2,1
1,5,3,1,0,0,0,0
0,1,2,1,1,0,0,0
1,0,2,0,0,1,0,2
0,0,1,2,0,2,0,0
1,1,2,0,2,3,2,0
0,1,0,0,1,0,1,0
1,1,0,1,0,0,0,0
1,0,1,2,0,0,0,0
0,1,0,1,0,0,1,0
0,0,1,0,0,1,0,0
1,0,0,0,1,0,2,0
1,1,0,0,1,0,1,0
0,3,1,0,1,0,1,1
1,1,1,0,1,0,1,0
1,1,0,0,0,0,0,2
1,0,1,0,1,0,0,0
0,0,0,1,0,0,0,0
0,1,0,0,0,0,1,1
0,1,1,0,0,0,0,0
0,1,0,0,1,0,0,1
0,0,0,0,0,0,0,0
0,0,2,0,0,1,1,0
1,1,1,0,0,1,0,0
0,0,0,0,0,0,0,1
1,1,0,1,0,0,1,0
0,0,0,0,0,1,1,0
0,0,0,1,0,0,0,1
0,0,0,0,1,0,0,0
0,0,0,1,0,0,0,1
0,1,0,1,1,0,1,1
0,0,0,0,0,0,0,0
2,0,1,0,0,0,0,1
0,0,1,0,2,1,0,0
0,0,0,0,0,0,1,0
1,0,0,0,0,0,0,0
1,0,0,0,0,0,1,0
0,0,1,1,0,0,0,0
1,0,0,0,0,2,0,0
0,0,0,0,2,0,1,1
0,0,0,1,1,0,0,0
0,0,0,0,0,0,0,0
0,0,0,0,0,0,0,0
0,0,1,0,0,1,0,0
0,0,0,0,0,0,0,0
0,0,0,1,0,0,0,0
0,0,0,0,0,0,0,0
0,0,0,0,0,0,0,0
0,0,0,0,0,0,0,0
0,2,0,0,0,0,0,1
0,0,0,1,0,0,1,0
0,0,0,0,0,0,0,0
1,0,0,0,0,0,1,0
0,0,0,0,0,0,0,0
0,0,1,0,0,1,0,0
