SpectrumName : Wuerfel_2_Proj_6.SPC
XUnit        : 
YUnit        : 
Length       : 1024
SubSpcNum    : 1
StartSubSpc  : 0
StopSubSpc   : 0
Comment      : 
Realtime     : 300.000
Livetime     : 298.990
Deadtime     : 1.010
FastChannel  : 16814
Starttime    : 25.01.2016 13:35:19
Stoptime     : 25.01.2016 13:40:20
CalibCoeff   : a=0.000000000E+000 b=0.000000000E+000 c=0.000000000E+000 d=0.000000000E+000
SpectrumText : 0 
0,0,0,0,0,0,0,0
1,1,5,22,22,13,27,31
25,39,33,22,38,35,35,30
39,44,40,31,38,47,45,50
46,47,38,55,59,54,47,51
50,53,70,63,63,64,69,70
71,66,75,67,66,72,80,100
80,82,74,76,79,82,92,78
97,73,93,80,85,95,82,83
83,91,75,73,88,83,71,63
66,76,78,76,85,68,62,78
55,56,70,59,59,67,63,56
65,64,67,50,59,57,61,75
64,59,49,60,60,48,59,54
72,51,55,56,59,59,66,52
47,60,58,54,57,50,51,50
48,43,55,44,49,52,54,42
37,45,36,42,45,41,37,44
51,41,34,44,43,42,46,36
40,39,47,38,35,41,39,47
49,47,36,44,41,45,43,43
32,50,38,37,44,46,45,39
32,42,37,36,37,38,39,41
37,37,30,34,42,26,15,24
33,30,26,21,24,16,28,18
21,25,23,13,19,11,22,26
26,14,15,25,13,21,17,14
10,18,19,9,16,20,14,19
20,18,16,13,16,13,13,11
14,18,21,14,22,20,19,20
18,28,17,23,24,21,27,34
35,30,41,54,49,60,68,77
94,114,118,135,179,168,170,147
200,227,206,222,210,228,221,195
178,188,171,168,145,122,133,93
84,77,44,40,45,24,23,20
18,4,12,5,5,9,5,5
4,3,5,3,3,3,3,1
0,2,1,4,1,3,1,4
5,7,1,6,2,5,3,2
2,4,4,3,2,0,3,1
6,2,6,2,2,3,4,2
1,2,3,2,1,2,2,4
4,4,2,2,0,2,3,3
0,2,1,6,5,6,4,1
2,1,1,5,4,5,2,3
2,1,2,4,1,4,0,2
2,7,2,2,2,2,4,1
1,1,2,4,2,6,2,0
3,8,1,4,0,2,5,1
1,2,3,3,5,5,2,1
2,5,2,3,3,2,0,2
1,1,3,4,2,4,1,2
3,0,3,2,2,0,2,0
4,5,4,2,1,4,2,2
3,2,3,0,3,1,2,0
3,2,0,4,3,2,2,1
2,1,1,0,0,1,2,0
2,3,2,1,0,1,1,2
1,1,3,2,3,1,0,2
3,3,2,1,1,1,1,0
1,2,2,0,1,0,2,1
0,1,3,0,1,1,4,0
0,1,4,2,1,2,1,0
2,1,1,1,0,0,0,0
0,0,0,1,1,1,1,2
0,3,0,2,0,0,1,0
2,0,0,0,2,2,1,1
2,2,1,1,2,1,4,1
1,2,2,2,3,5,5,4
1,2,2,3,0,0,3,1
0,3,2,5,2,3,1,2
2,5,3,6,2,3,1,2
3,5,2,4,0,0,0,2
1,1,2,1,3,1,1,1
0,1,3,2,1,0,0,0
1,0,0,1,1,0,1,1
0,0,1,0,0,0,2,1
0,1,0,0,0,0,0,0
0,0,1,0,0,0,0,0
1,1,1,0,0,3,0,2
2,2,1,0,0,0,0,0
0,0,0,0,0,0,0,0
0,0,0,1,0,1,1,0
0,1,1,0,0,0,0,1
0,0,0,1,1,0,0,1
0,1,1,0,0,0,0,1
0,0,1,1,3,0,0,1
0,1,0,1,0,0,0,0
0,0,0,0,0,1,0,1
1,1,0,0,1,0,0,0
0,0,0,0,0,0,1,0
0,0,0,0,0,1,0,0
0,0,0,0,1,0,0,0
2,0,0,0,0,0,0,0
0,0,0,0,0,0,0,0
0,1,0,0,0,0,0,0
0,0,0,0,0,0,0,0
0,1,0,0,2,0,0,0
1,0,1,0,0,0,0,0
0,0,0,1,1,0,0,0
0,0,1,0,0,0,1,0
0,1,1,1,1,1,0,0
0,0,0,0,0,0,1,0
0,0,1,0,1,0,0,0
1,0,2,0,0,0,0,0
0,0,0,0,0,1,1,0
0,0,0,0,0,0,0,0
0,0,0,0,1,0,1,1
0,0,0,0,2,0,0,1
1,0,0,0,0,0,0,1
0,0,0,0,1,0,1,0
0,0,0,0,0,0,1,0
0,0,0,0,0,0,0,0
0,0,0,0,0,0,0,0
0,0,0,0,2,0,0,1
0,0,0,0,0,0,0,1
0,0,0,0,0,0,0,0
0,1,0,0,0,0,0,1
0,0,0,0,0,0,0,0
0,0,0,0,0,0,1,0
0,0,0,1,0,0,0,0
0,0,0,0,0,0,0,1
0,0,0,0,1,0,0,0
0,0,1,0,0,1,1,0
2,0,0,0,1,0,0,1
0,0,2,0,0,0,2,0
1,0,0,0,0,0,0,0
