SpectrumName : Wuerfel_4_Proj_03.SPC
XUnit        : 
YUnit        : 
Length       : 1024
SubSpcNum    : 1
StartSubSpc  : 0
StopSubSpc   : 0
Comment      : 
Realtime     : 300.000
Livetime     : 298.680
Deadtime     : 1.320
FastChannel  : 13506
Starttime    : 25.01.2016 14:11:54
Stoptime     : 25.01.2016 14:16:54
CalibCoeff   : a=0.000000000E+000 b=0.000000000E+000 c=0.000000000E+000 d=0.000000000E+000
SpectrumText : 0 
0,0,0,0,0,0,0,0
1,2,6,17,18,20,27,26
24,32,29,20,34,22,42,29
33,35,34,33,35,33,36,34
41,37,42,38,37,43,44,43
44,47,57,52,62,52,48,70
66,56,60,61,57,59,68,71
72,66,90,60,57,66,73,69
62,80,78,79,65,80,66,78
75,70,68,57,58,71,67,76
61,80,49,59,62,85,72,64
68,62,61,72,55,49,67,56
66,55,67,55,59,45,52,41
46,63,52,57,44,42,43,39
49,40,49,32,39,40,55,39
45,54,40,55,33,44,43,42
40,42,42,34,49,38,37,35
38,35,35,38,38,40,46,28
43,36,26,26,31,26,36,29
40,32,32,30,38,33,32,34
34,21,33,34,42,26,34,33
31,30,26,28,42,30,40,32
33,36,27,28,27,34,23,25
30,34,27,17,24,27,25,21
15,22,23,16,15,18,23,16
20,18,22,19,15,15,17,18
18,24,17,12,18,18,25,11
19,17,12,17,11,19,7,13
10,20,17,12,6,16,18,11
14,10,10,15,21,15,11,14
18,12,15,20,17,21,25,26
25,41,38,41,49,42,61,53
68,75,97,96,112,105,114,121
139,149,150,128,154,170,125,126
103,110,110,104,91,71,82,46
50,41,24,35,28,22,17,13
7,3,4,6,7,8,8,3
7,9,4,3,3,4,3,9
1,3,6,5,2,6,4,3
3,4,0,1,2,2,2,3
2,3,7,3,1,6,2,6
3,4,2,1,2,2,2,3
3,1,6,4,0,2,3,2
1,1,1,3,0,3,2,2
2,5,0,3,2,5,2,2
1,3,3,0,4,1,5,2
1,2,4,3,2,2,3,2
2,4,1,7,5,3,3,3
4,1,1,3,2,2,4,0
3,3,1,1,1,3,4,4
0,3,3,2,2,5,1,0
1,1,1,2,4,4,1,4
2,4,0,0,4,1,1,1
1,2,4,1,2,3,0,1
5,0,1,0,2,2,1,0
0,1,0,1,2,0,3,2
0,3,1,2,0,6,4,1
0,1,1,1,0,0,5,0
3,2,8,3,3,3,2,5
3,1,4,2,1,2,1,2
3,1,0,2,0,1,2,2
1,1,1,2,1,0,0,0
1,0,2,0,0,2,1,1
1,0,0,1,4,1,1,0
0,1,1,0,2,0,0,1
0,0,0,1,2,0,2,0
1,3,1,0,0,1,0,0
0,2,0,3,1,0,2,0
0,1,2,1,0,2,1,2
1,5,0,2,1,0,2,3
2,3,1,3,3,1,1,4
0,1,2,0,2,2,4,3
0,1,1,1,3,1,6,5
2,2,0,2,1,3,1,1
0,0,1,0,2,1,2,1
0,1,1,1,0,4,0,1
0,0,0,0,0,0,1,1
1,0,0,0,1,2,1,0
2,0,1,0,1,1,2,0
0,1,0,1,0,0,0,0
0,0,0,1,1,0,1,0
0,0,2,1,0,0,1,0
0,0,1,0,2,0,0,0
0,0,0,0,1,1,2,2
3,0,1,0,0,0,0,0
1,0,0,0,0,1,0,0
1,0,1,0,1,0,0,0
0,1,0,0,1,0,1,0
1,0,0,0,0,0,0,0
0,0,0,0,0,0,1,0
0,0,0,0,0,0,0,2
0,0,0,0,0,0,0,0
1,0,0,0,0,1,1,1
0,1,0,0,1,0,0,1
0,1,0,0,0,0,1,0
1,0,0,1,0,0,0,1
1,0,0,1,1,1,1,0
1,1,0,0,0,0,0,1
0,1,0,0,1,1,1,1
0,1,1,1,0,0,0,0
0,0,0,0,0,0,0,0
0,0,0,1,0,0,0,0
0,0,0,0,0,0,0,0
0,0,1,0,0,0,1,1
1,1,0,0,0,0,0,1
0,0,1,0,0,0,0,1
0,1,0,1,0,1,0,0
0,0,1,1,1,1,0,0
1,0,0,0,0,0,1,0
0,1,0,0,0,0,0,0
0,1,0,0,0,0,0,0
0,0,1,0,0,0,0,0
0,0,0,0,0,0,1,0
0,0,1,0,0,0,0,0
1,0,0,0,0,0,0,0
0,1,0,0,0,0,0,0
0,1,1,0,2,0,0,0
0,0,0,0,0,0,0,0
0,1,0,0,0,0,1,0
0,0,0,0,0,0,0,0
0,0,0,0,0,0,0,0
0,0,0,0,0,0,0,0
0,0,0,0,1,2,0,0
1,0,0,1,0,0,0,0
0,0,0,0,0,0,0,1
0,1,0,0,0,0,0,0
0,1,0,0,0,0,0,0
0,1,0,1,0,0,0,0
