SpectrumName : Wuerfel_1_Proj_12.SPC
XUnit        : 
YUnit        : 
Length       : 1024
SubSpcNum    : 1
StartSubSpc  : 0
StopSubSpc   : 0
Comment      : 
Realtime     : 300.000
Livetime     : 299.210
Deadtime     : 0.790
FastChannel  : 30520
Starttime    : 03.04.2000 23:19:10
Stoptime     : 03.04.2000 23:24:10
CalibCoeff   : a=0.000000000E+000 b=0.000000000E+000 c=0.000000000E+000 d=0.000000000E+000
SpectrumText : 0 
0,0,1,0,0,0,0,0
2,6,17,29,33,32,52,55
56,56,65,65,59,67,67,54
63,59,71,63,56,65,65,87
76,61,97,85,79,76,81,98
85,103,92,96,92,92,88,119
92,80,86,96,109,126,101,97
93,113,127,101,92,99,103,106
118,114,120,99,100,105,104,91
97,119,117,124,100,106,119,104
109,113,118,119,109,114,107,94
102,100,101,98,90,99,104,107
93,106,93,91,73,89,83,96
78,101,80,98,76,93,89,73
85,88,85,101,107,80,85,102
84,79,81,91,76,87,97,84
82,83,77,86,79,71,70,83
88,90,75,72,81,84,73,87
89,83,79,83,77,77,71,84
85,67,85,76,74,72,81,77
89,77,76,78,87,78,79,82
90,74,76,82,91,78,91,92
84,106,86,77,80,67,81,70
75,84,74,83,65,62,62,51
57,46,47,47,42,52,48,41
47,46,32,33,30,38,38,48
28,39,36,38,31,30,32,22
18,21,25,30,37,31,26,26
30,40,30,26,22,35,23,36
35,27,32,32,31,29,19,30
34,19,35,24,35,41,40,56
56,68,82,98,103,125,128,153
196,242,256,294,334,365,414,417
473,481,521,535,538,549,510,520
519,456,429,410,354,341,323,265
226,199,156,137,113,86,71,47
35,36,33,18,10,6,5,11
2,4,5,4,4,3,4,1
7,5,3,5,1,3,2,2
1,1,3,3,2,5,3,3
3,4,3,2,3,1,2,2
5,0,2,2,2,6,5,1
6,3,3,4,1,3,7,4
3,6,2,3,3,4,1,3
2,4,2,1,1,1,2,2
1,3,1,2,4,4,5,3
6,3,3,3,4,5,0,2
2,4,4,6,4,3,0,4
0,4,3,5,5,2,2,2
3,0,2,2,3,3,2,2
2,2,6,2,0,2,1,1
2,3,2,0,3,3,1,2
1,4,0,3,1,1,1,2
2,2,5,2,4,2,3,0
3,4,2,0,1,2,3,1
0,3,0,1,0,3,3,1
1,1,2,1,0,3,2,2
1,2,4,1,1,2,4,0
0,1,4,1,0,4,3,0
5,5,0,2,0,3,1,0
3,0,1,1,1,1,1,0
1,1,1,2,2,0,2,0
2,1,1,1,3,0,2,0
1,0,2,2,0,2,2,2
1,1,2,0,0,0,0,0
1,1,1,0,0,1,2,0
2,0,1,0,2,0,2,0
0,0,0,1,0,2,1,2
1,0,2,0,1,3,2,0
0,0,1,2,1,2,2,1
1,2,2,2,2,2,5,3
1,2,1,4,4,3,6,0
0,2,1,3,3,0,2,2
5,0,2,1,6,3,2,0
2,3,1,1,0,1,2,0
0,1,1,0,2,0,0,0
0,1,0,1,1,0,1,0
0,0,0,0,0,0,1,0
0,1,1,0,0,0,0,1
1,0,0,0,0,0,1,0
1,0,1,0,0,1,0,0
0,0,1,0,2,1,1,0
1,1,1,0,0,0,0,0
0,0,1,1,0,2,0,0
1,0,0,0,0,1,0,0
1,0,2,0,0,0,0,0
0,0,1,0,0,0,0,1
1,0,0,0,0,1,0,0
0,0,1,0,0,0,0,0
0,0,1,0,0,0,0,0
1,0,0,0,1,1,0,0
0,0,1,0,0,0,1,0
0,0,0,0,0,0,0,0
0,0,0,0,0,0,0,1
1,0,1,0,0,0,0,0
0,0,0,0,0,0,0,0
0,0,1,0,0,1,0,1
0,1,0,0,0,0,0,0
2,0,1,0,0,1,0,0
1,0,0,1,0,0,0,0
0,0,0,0,1,0,0,0
0,0,1,1,0,0,0,1
0,1,0,0,2,0,0,1
0,0,0,0,0,0,0,0
0,0,0,0,0,0,0,2
0,0,1,0,1,0,0,0
0,0,0,0,1,1,0,0
0,1,0,0,1,0,1,0
0,1,0,0,1,1,0,0
1,0,0,0,0,0,0,0
0,0,0,0,0,0,0,0
0,0,0,0,0,0,0,0
1,0,0,0,0,0,0,0
0,0,0,0,0,0,0,0
0,0,0,0,0,0,2,0
0,0,0,0,0,0,0,0
0,0,0,0,0,3,0,0
0,0,0,1,0,1,0,0
0,0,0,1,0,0,0,0
0,0,0,0,0,0,0,0
0,0,0,0,0,0,0,0
0,0,0,0,0,0,0,0
0,0,1,0,0,0,0,0
0,0,0,0,1,0,0,0
0,0,0,0,0,0,0,1
0,0,0,0,0,2,0,0
0,0,0,0,0,0,0,0
0,1,0,0,0,1,0,0
