SpectrumName : Wuerfel_2_Proj_11.SPC
XUnit        : 
YUnit        : 
Length       : 1024
SubSpcNum    : 1
StartSubSpc  : 0
StopSubSpc   : 0
Comment      : 
Realtime     : 300.000
Livetime     : 297.960
Deadtime     : 2.040
FastChannel  : 11496
Starttime    : 04.04.2000 00:01:07
Stoptime     : 04.04.2000 00:06:07
CalibCoeff   : a=0.000000000E+000 b=0.000000000E+000 c=0.000000000E+000 d=0.000000000E+000
SpectrumText : 0 
0,0,0,0,0,0,0,0
1,0,3,11,15,8,6,22
14,24,18,19,20,32,27,28
36,25,18,23,34,30,29,24
29,35,41,43,31,32,44,44
44,43,33,51,50,44,62,40
61,64,54,70,51,57,55,52
61,64,62,62,70,55,60,71
64,59,63,57,49,60,48,77
62,61,60,50,57,52,58,48
60,63,48,49,46,53,55,54
48,44,43,39,51,49,53,47
41,37,49,41,41,44,44,44
42,33,49,33,35,29,28,50
33,29,43,31,37,34,30,38
30,41,27,28,29,41,29,41
40,34,29,27,23,28,34,23
38,33,35,35,34,32,15,25
30,32,26,23,34,18,24,37
40,33,16,26,32,27,31,31
24,32,27,23,24,32,15,21
27,32,14,30,25,24,26,22
22,28,23,19,20,33,27,28
14,28,17,22,24,25,8,19
12,18,15,14,15,14,21,21
14,21,11,9,21,15,13,12
9,10,19,14,12,13,19,12
9,16,11,16,8,10,9,20
10,12,10,17,7,13,7,14
8,11,7,13,10,10,17,13
12,5,12,11,18,11,15,26
27,25,19,37,33,42,38,49
57,55,61,80,97,108,79,104
116,143,105,118,117,109,114,129
116,102,100,87,88,77,67,56
44,30,33,26,26,25,15,10
11,8,3,4,5,6,9,6
6,5,2,4,10,4,5,6
2,3,3,2,4,2,3,2
2,0,3,2,2,2,2,2
8,6,6,3,1,4,2,5
2,2,2,1,3,6,1,0
2,3,1,3,3,3,3,6
1,1,5,1,3,3,4,3
1,4,5,3,1,1,2,1
3,1,3,1,5,2,4,1
2,3,2,2,3,2,3,0
4,2,3,4,2,1,2,5
0,0,2,3,4,2,0,5
2,2,5,1,1,1,3,3
1,3,1,2,2,1,1,2
4,2,1,1,4,1,2,3
0,1,5,4,2,4,1,0
5,7,1,1,3,3,1,4
0,1,2,3,3,1,0,3
3,0,1,3,0,1,1,5
2,0,5,1,2,1,0,1
5,1,3,2,4,1,0,1
1,1,2,3,3,1,0,2
1,3,2,3,3,0,1,0
1,2,3,0,1,3,1,1
0,1,5,0,1,1,1,2
1,0,0,1,1,0,0,1
1,2,0,1,1,2,1,1
2,2,0,0,1,0,1,0
1,0,1,1,2,1,1,0
1,1,0,2,2,0,0,0
1,0,1,1,1,0,0,0
0,0,2,2,1,2,1,3
1,2,3,3,3,2,1,2
2,1,2,1,3,4,2,3
4,1,5,2,1,2,4,2
2,7,1,2,1,4,1,5
2,1,1,1,1,4,1,2
1,4,0,1,0,2,3,0
0,0,0,0,0,0,2,0
1,0,1,0,0,0,0,1
1,0,0,0,0,1,2,1
1,0,1,0,0,1,0,2
0,1,0,1,1,0,1,0
0,1,0,0,1,0,1,0
0,0,0,1,1,1,2,0
0,0,0,1,1,0,1,0
3,1,0,0,0,0,0,0
0,0,1,0,1,1,0,1
0,0,0,0,1,1,0,0
0,0,0,0,1,0,0,0
2,0,0,0,1,0,0,0
1,1,0,0,1,0,0,2
0,0,0,0,1,0,0,0
1,0,0,0,0,0,0,0
0,0,0,1,0,0,0,0
1,0,0,2,0,1,0,0
0,1,0,0,0,0,1,0
0,0,1,0,0,0,2,0
0,1,0,1,0,0,0,0
0,0,0,0,0,2,1,0
0,0,0,0,0,0,0,0
1,1,0,0,1,0,1,0
0,0,0,0,0,0,0,1
0,1,0,0,0,0,0,0
0,0,1,0,0,0,1,0
0,1,0,0,0,0,0,1
0,0,1,1,0,0,0,0
0,1,0,1,0,0,1,0
1,0,1,1,0,0,1,0
0,0,0,0,0,0,1,0
0,0,0,0,2,0,0,0
0,0,1,0,0,0,1,0
0,0,0,0,0,1,0,0
3,1,0,1,0,0,0,0
0,0,0,0,0,0,0,0
0,0,0,1,0,1,0,1
0,0,0,1,1,0,0,0
1,0,0,0,0,0,0,0
0,0,1,0,0,0,0,0
1,1,0,0,0,0,0,0
1,0,0,0,0,0,0,0
0,0,0,0,0,0,1,0
0,0,0,0,0,0,0,0
0,0,0,0,0,0,0,0
0,0,0,0,0,0,0,0
0,0,0,0,0,0,0,0
0,0,1,1,0,1,0,0
0,1,0,0,0,0,2,0
1,0,0,0,0,0,0,2
0,0,0,2,0,0,0,2
0,0,0,0,1,0,0,0
