SpectrumName : Wuerfel_4_Proj_10.SPC
XUnit        : 
YUnit        : 
Length       : 1024
SubSpcNum    : 1
StartSubSpc  : 0
StopSubSpc   : 0
Comment      : 
Realtime     : 300.000
Livetime     : 299.430
Deadtime     : 0.570
FastChannel  : 39254
Starttime    : 25.01.2016 14:52:00
Stoptime     : 25.01.2016 14:57:01
CalibCoeff   : a=0.000000000E+000 b=0.000000000E+000 c=0.000000000E+000 d=0.000000000E+000
SpectrumText : 0 
0,0,0,0,0,0,0,0
1,8,23,42,55,43,56,74
77,81,92,78,81,76,83,71
81,73,85,68,71,83,94,95
105,104,86,85,99,87,107,85
108,88,104,125,111,115,99,116
128,144,125,122,127,138,107,118
130,119,141,127,147,115,124,142
134,133,142,128,116,132,135,128
122,129,131,140,139,126,143,139
125,128,140,143,110,136,121,133
121,120,109,136,139,123,131,113
116,127,116,111,111,111,115,91
113,113,110,124,107,125,110,127
122,124,95,107,96,83,87,111
104,95,96,92,102,92,114,84
109,106,99,100,90,99,124,109
104,99,118,92,104,94,97,93
106,68,106,94,93,100,111,88
90,84,89,87,112,94,79,98
97,88,117,103,104,90,82,105
79,120,106,98,101,96,96,101
112,103,115,96,96,98,109,93
102,85,83,90,84,96,79,72
71,49,62,42,64,56,48,53
46,40,46,43,36,32,37,40
35,33,45,34,36,34,35,36
40,43,32,33,36,27,34,29
35,42,42,32,23,36,43,42
33,29,28,45,43,32,46,35
48,40,43,44,49,53,62,61
88,73,94,126,165,187,205,269
243,284,344,377,409,472,544,606
706,695,732,711,731,780,722,732
721,693,649,583,589,480,453,393
297,309,236,216,164,118,110,84
69,42,28,28,19,18,14,13
5,5,4,4,4,6,3,2
3,6,4,3,3,4,5,3
0,1,3,3,3,4,2,2
8,2,1,1,4,4,2,3
4,2,2,4,2,1,3,4
1,6,4,1,2,1,3,5
1,4,0,3,3,4,4,4
2,2,3,2,4,2,4,2
2,3,0,1,4,1,4,1
3,1,3,4,2,0,2,2
3,5,1,3,3,3,1,4
4,3,5,2,4,2,3,2
2,2,3,1,3,2,1,2
3,0,2,1,1,0,3,5
3,2,1,5,3,1,4,1
1,1,2,1,1,1,3,3
0,2,3,2,0,1,2,1
3,3,6,2,5,3,5,2
1,1,5,1,3,0,2,1
1,2,2,3,0,1,1,4
1,3,2,2,1,2,6,1
2,4,4,0,1,1,0,6
1,2,1,0,4,0,2,1
2,1,1,1,2,0,2,1
1,1,2,2,0,1,0,1
3,2,1,0,3,4,0,0
1,1,1,2,2,0,0,2
1,0,0,1,2,0,1,0
2,1,0,2,0,1,3,2
1,2,0,1,1,1,1,0
2,1,0,0,1,1,0,0
1,2,1,4,0,1,3,3
0,1,0,3,0,2,1,2
2,0,0,2,1,2,3,5
3,2,1,2,1,3,1,4
2,1,1,0,3,1,1,0
1,1,3,0,2,1,3,0
3,3,1,4,2,1,3,1
2,2,0,0,0,1,2,0
0,0,0,1,0,0,0,1
0,0,0,0,0,0,0,0
0,0,2,1,1,0,1,0
1,0,0,0,0,0,0,0
0,0,1,0,0,1,0,0
0,0,1,1,0,0,0,0
0,0,0,0,1,0,0,0
0,2,1,2,0,1,0,0
0,1,0,0,0,0,0,1
0,0,0,0,0,0,0,0
0,0,0,2,1,0,0,0
1,0,0,0,0,0,1,0
0,0,0,1,1,0,1,0
3,1,0,0,0,0,1,0
1,2,0,0,0,1,1,0
1,1,0,0,0,1,0,1
0,2,0,1,0,0,0,0
1,1,0,1,2,1,0,0
0,0,2,0,0,0,0,0
0,1,0,0,0,0,0,1
0,0,1,1,2,0,0,0
0,0,0,0,1,0,0,1
0,0,0,0,0,0,0,0
0,1,0,0,0,0,0,0
0,0,0,0,2,0,0,0
1,1,0,1,0,0,2,0
0,0,1,0,0,1,0,0
0,2,0,0,0,1,0,0
0,0,0,0,0,1,0,0
0,0,0,1,0,0,0,0
0,0,1,0,0,1,1,0
0,0,0,0,0,2,1,0
0,0,1,0,1,0,0,0
0,1,0,0,0,0,0,0
1,0,1,0,0,0,0,1
0,0,0,1,0,1,0,1
0,0,1,0,0,0,0,0
1,0,1,0,0,0,1,0
0,0,0,1,0,0,0,0
1,0,0,0,0,0,0,0
0,0,0,0,0,2,0,0
0,0,0,0,1,0,2,0
0,0,0,0,0,0,0,0
0,0,0,0,0,0,0,0
1,1,0,0,0,0,0,0
0,0,0,0,0,0,0,0
0,0,1,0,0,0,0,1
0,0,1,0,0,0,0,1
0,0,0,0,0,0,0,1
0,0,0,0,0,0,0,0
0,0,0,0,0,0,0,0
1,0,0,0,0,0,1,0
