SpectrumName : Wuerfel_4_Proj_04.SPC
XUnit        : 
YUnit        : 
Length       : 1024
SubSpcNum    : 1
StartSubSpc  : 0
StopSubSpc   : 0
Comment      : 
Realtime     : 300.000
Livetime     : 299.190
Deadtime     : 0.810
FastChannel  : 145678
Starttime    : 25.01.2016 14:17:22
Stoptime     : 25.01.2016 14:22:23
CalibCoeff   : a=0.000000000E+000 b=0.000000000E+000 c=0.000000000E+000 d=0.000000000E+000
SpectrumText : 0 
0,1,0,0,0,0,0,0
8,36,92,151,187,228,247,238
283,300,269,299,277,257,300,255
301,281,322,290,298,314,293,319
307,309,340,346,308,318,317,324
327,385,357,353,370,356,369,346
368,363,364,398,412,400,394,409
388,403,399,424,400,433,418,408
409,433,418,458,451,466,440,451
465,458,516,481,495,509,526,468
495,498,474,530,464,474,476,491
446,454,434,450,490,449,453,423
388,450,475,437,447,394,448,435
444,420,406,401,401,401,390,435
431,412,376,384,390,351,399,384
407,389,383,385,368,374,409,379
377,401,395,378,374,360,387,379
431,388,387,402,368,418,395,363
348,354,373,367,370,399,361,348
414,382,366,414,351,373,383,400
373,368,393,403,410,379,421,409
414,409,399,428,424,392,428,415
399,432,382,402,380,403,385,347
381,358,361,322,339,298,311,292
274,253,258,234,245,226,233,194
185,199,169,181,165,145,161,156
140,151,153,138,130,154,129,116
117,152,120,123,130,130,129,116
122,128,142,120,144,118,105,108
117,122,132,137,128,135,132,137
152,155,144,150,170,196,184,233
252,292,383,409,475,534,627,768
973,1076,1270,1362,1559,1742,1988,2222
2338,2457,2656,2840,2841,2921,2896,3020
2887,2856,2676,2368,2314,2083,1899,1737
1504,1278,1015,939,747,601,499,391
289,227,168,127,110,70,35,35
31,17,11,12,4,6,5,4
1,5,4,4,4,0,1,2
4,4,1,4,2,6,2,3
5,2,4,1,1,3,3,4
2,5,8,2,1,1,3,1
2,6,0,2,4,2,5,2
3,4,2,4,2,3,2,4
2,1,4,7,0,6,0,1
2,3,1,5,1,3,1,1
2,8,7,6,4,0,1,0
3,4,2,6,4,2,1,3
3,3,2,2,5,3,0,3
2,6,2,4,1,5,3,3
1,3,1,1,3,1,1,1
0,1,4,1,3,1,4,3
3,3,1,2,2,1,1,2
0,3,3,0,0,3,1,3
0,1,0,2,3,0,3,2
1,2,8,3,0,0,2,3
2,1,5,2,1,1,1,2
1,2,3,2,1,3,2,1
6,2,4,4,0,0,2,0
1,2,2,3,0,1,0,1
2,2,2,1,2,0,0,3
1,5,0,4,1,2,2,1
4,0,0,1,4,1,3,1
2,1,1,2,2,1,1,3
1,4,0,2,0,2,3,1
2,1,1,1,2,1,0,1
2,0,0,1,1,0,4,1
0,0,1,2,1,2,1,1
2,3,2,1,0,0,2,0
1,1,2,0,1,4,0,4
4,0,1,1,4,1,1,1
1,7,2,2,1,2,3,1
2,1,1,1,2,3,1,3
2,1,2,1,4,2,2,1
3,1,0,4,1,3,1,1
0,2,1,1,0,1,1,0
1,1,2,1,0,0,0,0
2,1,0,1,0,2,3,0
0,0,1,1,0,0,0,1
1,0,0,1,0,1,0,1
0,0,1,1,1,1,0,0
0,0,0,0,0,1,0,0
1,0,1,1,1,0,0,0
0,1,0,0,0,0,0,1
0,0,0,1,0,1,0,0
0,0,0,0,3,0,0,0
0,0,0,0,3,1,2,0
1,0,0,0,0,0,1,0
0,0,0,1,1,0,1,0
1,0,0,0,1,3,0,0
2,0,0,1,1,0,0,1
0,1,0,0,0,0,0,1
0,1,0,0,0,0,1,1
0,0,0,0,0,0,0,0
0,0,0,0,0,0,0,0
0,0,0,0,0,0,0,1
0,0,2,1,0,0,0,0
1,0,0,0,0,1,1,0
0,0,1,0,0,0,0,1
0,1,0,0,0,0,0,2
0,0,0,0,0,1,0,0
2,0,0,0,1,1,2,0
0,0,0,0,1,0,0,0
0,0,0,0,0,0,0,2
0,0,0,0,0,0,0,0
2,0,0,1,0,0,0,0
0,0,0,0,0,0,1,0
0,0,0,0,0,0,1,0
0,0,0,0,0,0,0,0
0,1,0,0,1,0,0,1
0,1,0,0,0,0,1,0
0,0,1,0,0,0,0,0
0,0,1,0,0,0,0,0
0,0,0,1,1,0,0,1
0,0,0,0,0,0,1,0
1,0,0,1,0,0,0,0
1,0,1,0,1,1,0,0
0,0,0,0,0,0,0,0
0,0,0,0,0,0,0,0
0,0,0,0,0,0,0,0
0,1,0,0,0,0,0,0
0,0,0,0,1,0,2,1
0,1,0,0,0,0,0,0
0,0,0,0,0,0,0,0
1,0,0,0,0,0,0,0
0,0,1,0,0,0,0,0
0,0,0,0,0,0,0,1
1,0,0,0,1,0,2,0
