SpectrumName : Wuerfel_1_Proj_11.SPC
XUnit        : 
YUnit        : 
Length       : 1024
SubSpcNum    : 1
StartSubSpc  : 0
StopSubSpc   : 0
Comment      : 
Realtime     : 300.000
Livetime     : 299.230
Deadtime     : 0.770
FastChannel  : 32962
Starttime    : 03.04.2000 23:12:59
Stoptime     : 03.04.2000 23:17:59
CalibCoeff   : a=0.000000000E+000 b=0.000000000E+000 c=0.000000000E+000 d=0.000000000E+000
SpectrumText : 0 
0,1,0,0,0,0,0,0
2,4,9,30,46,57,43,60
50,60,53,70,59,81,80,73
76,57,63,61,67,76,93,71
67,91,87,57,86,93,99,89
91,99,86,91,111,101,106,105
115,99,99,123,117,130,116,109
141,112,132,109,127,112,118,105
113,108,122,111,136,131,126,117
114,111,130,110,129,107,129,134
109,125,106,116,113,114,118,116
125,104,126,108,107,101,120,107
111,100,93,113,117,116,120,111
117,95,116,105,93,74,82,96
99,112,112,104,103,92,93,107
101,100,71,89,108,97,97,68
84,95,84,74,96,69,83,90
80,85,96,83,74,75,94,93
100,102,81,75,94,116,92,75
87,100,96,77,75,85,92,81
87,84,78,99,97,79,90,89
88,78,97,86,93,95,86,85
87,88,75,81,75,88,97,64
91,70,78,60,70,57,69,46
65,57,52,53,48,44,47,42
49,44,43,37,29,42,41,35
43,24,33,37,38,29,39,33
28,37,32,26,35,36,34,35
33,32,21,30,25,24,36,23
36,26,25,31,42,34,29,21
38,32,30,46,43,53,37,53
70,80,98,97,93,132,171,181
233,240,270,339,350,399,479,488
475,570,538,545,609,576,515,563
485,523,481,414,433,354,317,283
245,208,164,127,117,97,72,57
41,43,24,13,20,6,15,6
9,9,1,7,11,6,6,5
4,2,5,2,5,2,3,0
0,6,6,1,0,4,3,1
2,3,1,4,8,3,2,3
2,5,1,2,1,4,0,3
6,4,4,2,6,7,5,4
2,0,1,4,0,3,3,0
3,5,2,1,0,4,1,2
0,1,0,7,3,2,0,0
1,1,6,2,2,2,4,0
5,3,2,2,6,2,2,2
2,3,1,0,2,3,3,3
3,2,4,1,2,1,5,1
1,0,0,2,1,1,2,1
2,1,1,2,2,2,1,5
0,4,3,0,2,2,3,2
3,4,1,1,2,1,2,1
1,0,5,7,2,2,2,3
0,3,1,3,1,2,1,0
1,2,3,1,4,2,3,0
1,0,4,2,3,0,1,2
2,0,1,1,1,5,1,3
2,0,0,5,3,1,2,2
0,1,0,0,1,2,4,4
1,2,2,1,2,2,0,3
0,0,1,3,2,0,0,0
0,0,2,2,3,2,1,1
1,0,1,0,2,1,0,1
0,0,0,0,2,1,2,2
1,1,1,2,1,2,1,0
0,0,0,3,1,3,3,1
1,2,2,0,2,1,2,1
0,2,0,0,0,4,0,1
2,1,5,1,2,1,3,2
1,5,1,2,0,2,4,1
4,2,5,2,3,3,2,3
3,3,3,7,0,2,2,1
4,1,1,2,4,1,0,0
1,2,0,2,1,1,1,0
0,0,2,0,1,0,1,1
0,1,0,0,0,1,0,0
1,0,0,1,0,0,0,0
0,1,0,0,1,1,1,0
0,1,0,0,0,0,0,0
0,1,1,0,0,0,0,0
1,0,0,0,0,0,0,0
1,0,1,2,1,0,2,1
2,0,0,0,0,0,1,0
1,1,1,0,0,0,1,0
1,0,0,1,1,0,0,2
0,0,0,0,0,1,0,1
0,0,1,1,0,0,0,1
0,0,0,1,0,0,0,1
0,0,1,0,0,1,0,0
0,0,0,0,0,0,0,0
0,1,1,0,0,0,0,1
0,0,0,1,0,0,1,0
0,0,0,0,0,0,1,0
0,0,0,0,0,0,0,0
0,0,0,0,0,0,0,1
0,0,0,1,0,1,2,1
0,0,0,0,0,0,0,0
0,0,0,0,0,0,1,0
0,0,0,0,0,0,0,0
0,0,0,1,0,0,0,0
0,0,0,0,0,0,1,1
0,0,1,0,1,1,0,1
0,0,0,1,0,0,0,0
1,0,0,1,0,0,0,0
1,0,1,0,1,1,0,1
0,2,0,0,0,1,0,0
1,1,0,0,0,0,0,0
0,1,0,0,0,0,0,0
0,0,0,0,0,1,0,1
0,0,0,0,0,1,0,0
0,0,0,0,0,0,0,0
0,0,0,0,0,0,0,0
0,0,0,1,0,1,1,0
0,1,0,0,0,0,0,0
0,0,0,0,0,0,0,1
0,0,0,0,0,0,0,0
1,0,0,0,0,0,0,0
0,0,0,0,0,0,0,0
1,0,0,0,0,0,0,0
0,0,1,0,0,1,0,1
0,0,0,0,0,0,0,0
1,0,0,0,0,0,0,1
0,0,0,0,0,1,0,0
1,0,1,0,0,1,0,0
0,0,0,2,0,1,0,1
0,0,2,0,0,0,0,0
