SpectrumName : Wuerfel_2_Proj_9.SPC
XUnit        : 
YUnit        : 
Length       : 1024
SubSpcNum    : 1
StartSubSpc  : 0
StopSubSpc   : 0
Comment      : 
Realtime     : 300.000
Livetime     : 299.010
Deadtime     : 0.990
FastChannel  : 13642
Starttime    : 25.01.2016 13:54:00
Stoptime     : 25.01.2016 13:59:00
CalibCoeff   : a=0.000000000E+000 b=0.000000000E+000 c=0.000000000E+000 d=0.000000000E+000
SpectrumText : 0 
0,0,0,0,0,0,0,0
1,4,7,16,14,11,24,17
17,16,27,27,22,16,30,30
33,40,25,30,37,27,27,33
39,36,39,37,46,42,34,46
45,57,64,48,51,55,53,69
51,52,51,59,58,70,69,75
62,71,84,62,70,70,57,65
62,65,71,79,59,66,75,72
63,77,71,63,54,62,55,65
59,69,51,56,62,65,64,56
63,55,53,54,48,53,54,47
58,34,52,59,45,51,55,54
44,67,39,46,53,46,49,58
51,50,42,53,38,39,44,45
42,32,43,38,34,28,44,45
28,42,29,36,39,36,34,38
41,43,43,45,40,34,40,39
39,31,30,31,39,25,26,32
40,43,31,35,31,31,33,28
32,32,36,31,33,30,56,39
27,32,34,27,27,30,27,32
26,27,28,30,37,27,33,22
25,30,20,27,28,21,20,11
22,22,16,24,20,19,12,20
16,11,13,11,13,16,20,9
12,14,15,19,9,13,13,12
11,13,8,13,10,8,19,9
13,17,5,9,10,13,12,15
11,9,15,10,16,15,12,16
22,12,17,14,18,23,22,28
25,32,46,33,33,47,46,55
80,97,81,119,119,127,134,160
160,152,158,160,175,155,173,165
144,141,149,115,106,85,85,60
72,59,42,32,45,25,16,12
11,11,7,4,5,7,7,10
7,4,5,4,2,4,3,4
2,3,2,3,2,3,0,3
5,3,4,5,3,6,4,6
5,2,2,2,2,1,5,2
2,1,6,4,4,2,2,4
6,1,3,3,2,1,3,5
2,1,2,1,4,1,3,4
2,2,0,1,4,4,4,1
3,5,2,5,2,3,3,2
1,0,4,5,2,2,6,1
2,0,5,4,2,5,6,4
2,3,1,4,3,2,4,0
3,1,3,0,7,0,1,0
0,1,0,4,5,0,3,2
1,1,3,0,3,0,1,1
4,1,1,2,4,2,3,0
3,1,2,1,1,2,2,0
2,2,2,1,2,2,2,1
2,3,3,1,2,4,2,1
3,2,4,2,2,0,2,3
1,3,1,2,1,1,3,3
3,3,2,2,0,1,2,1
6,1,2,2,1,2,1,1
0,0,3,3,1,1,0,1
0,1,1,0,1,2,3,2
4,1,1,3,2,2,0,0
4,1,2,3,0,2,2,2
0,4,1,0,2,1,6,2
1,1,3,0,0,0,1,2
0,1,2,1,0,1,0,0
0,3,1,2,1,1,2,1
0,1,0,0,2,0,1,0
1,2,0,1,3,2,2,3
0,1,1,2,3,2,2,4
2,2,1,1,0,0,0,0
3,5,1,3,5,3,5,2
1,2,2,3,3,2,2,5
1,1,1,3,2,0,1,1
0,0,2,1,1,0,0,0
0,1,1,1,1,1,0,1
1,0,1,0,0,0,1,0
0,0,2,1,0,1,3,0
0,1,0,1,1,1,1,0
1,1,1,0,0,1,0,0
1,0,0,0,1,1,0,0
0,0,0,0,0,0,0,0
0,1,3,1,0,0,2,1
0,0,0,0,0,0,2,0
1,1,0,0,0,0,0,0
0,0,0,0,0,0,1,2
0,0,1,0,0,1,1,1
0,0,1,1,1,1,0,0
0,1,1,0,0,0,0,0
0,0,0,0,0,1,1,0
0,0,1,0,0,0,0,0
0,0,0,0,0,1,0,0
0,0,0,0,0,0,0,0
1,0,0,0,1,0,0,0
0,1,0,0,0,0,0,0
0,0,0,0,2,1,0,1
0,1,1,0,0,1,0,0
1,1,0,0,0,0,0,0
0,0,0,1,0,0,0,0
0,0,1,1,1,0,1,0
0,0,0,0,0,0,0,1
0,0,0,0,1,0,0,0
0,0,0,0,0,1,0,0
0,0,0,0,0,1,0,0
0,0,0,0,0,0,0,1
1,0,1,1,1,0,0,0
0,0,1,0,0,0,0,0
1,1,0,0,0,0,1,2
1,1,0,0,0,0,0,0
0,0,2,0,1,0,0,0
0,1,1,0,0,0,0,0
0,0,1,0,0,0,1,0
0,1,0,0,0,0,0,0
0,0,0,0,0,0,0,0
0,1,0,0,0,1,0,0
0,0,0,0,0,0,0,0
0,0,0,0,0,0,0,0
0,0,0,0,0,0,1,0
0,0,0,0,0,0,0,1
0,0,1,0,0,0,0,0
0,0,0,0,0,0,0,0
0,0,0,1,0,0,0,0
0,1,1,0,0,0,0,0
0,0,1,0,0,0,0,1
0,2,0,1,0,2,0,0
0,0,0,0,1,0,0,0
1,0,0,0,0,1,1,0
