SpectrumName : Wuerfel_2_Proj_12.SPC
XUnit        : 
YUnit        : 
Length       : 1024
SubSpcNum    : 1
StartSubSpc  : 0
StopSubSpc   : 0
Comment      : 
Realtime     : 300.000
Livetime     : 298.510
Deadtime     : 1.490
FastChannel  : 13576
Starttime    : 03.04.2000 23:47:40
Stoptime     : 03.04.2000 23:52:40
CalibCoeff   : a=0.000000000E+000 b=0.000000000E+000 c=0.000000000E+000 d=0.000000000E+000
SpectrumText : 0 
0,0,0,0,0,0,0,0
0,3,11,16,10,23,26,21
28,28,20,29,24,27,26,25
25,26,41,38,30,30,36,25
32,34,49,42,42,54,53,36
53,38,51,57,56,57,55,45
59,64,56,65,67,71,67,71
68,78,73,68,72,65,66,57
58,79,70,69,67,72,70,74
65,67,64,54,82,62,69,66
73,57,56,71,71,71,60,51
60,67,59,70,56,55,43,44
64,59,64,55,54,48,48,42
37,54,40,49,41,34,45,52
44,48,42,59,40,28,44,28
58,32,36,31,37,40,49,35
45,39,50,34,44,37,29,30
35,36,33,42,53,32,36,39
36,35,29,43,35,21,34,30
31,21,30,37,24,27,28,31
38,26,28,28,39,35,27,25
27,22,26,41,25,36,32,24
29,35,28,33,24,33,36,25
24,16,22,24,35,33,20,21
20,19,9,10,24,21,12,20
26,19,16,20,14,12,11,12
15,19,8,11,12,6,12,18
22,10,15,12,9,14,12,12
10,17,13,13,12,16,15,9
17,13,12,14,9,14,21,15
16,13,15,15,16,20,18,28
18,27,20,36,38,39,58,60
82,89,103,79,105,134,126,139
145,152,169,144,173,145,164,163
151,148,120,121,95,97,76,83
58,51,32,30,29,23,25,20
12,11,8,11,8,4,5,9
3,5,5,3,9,3,3,7
3,3,1,7,2,1,3,4
10,5,2,5,3,2,8,4
9,6,3,1,2,5,6,5
1,3,6,5,5,5,4,4
3,3,3,1,6,2,0,2
0,3,1,3,0,1,1,6
3,4,4,5,2,1,2,4
4,5,2,7,6,5,2,1
2,2,2,1,4,3,1,3
6,2,4,4,2,5,3,1
3,2,3,6,5,1,1,6
3,4,3,3,3,3,3,1
1,1,2,3,3,2,3,1
1,1,2,6,0,2,2,2
1,0,1,2,2,1,1,1
2,4,2,1,1,2,1,1
4,3,2,1,3,0,2,1
2,0,3,1,0,2,4,2
0,0,2,2,2,0,0,2
2,1,0,0,5,4,1,0
0,2,1,2,1,1,5,6
1,0,0,0,2,2,0,5
0,3,1,0,2,1,2,0
2,0,0,4,1,2,1,0
1,1,1,1,0,1,1,1
1,1,3,1,0,0,0,0
0,2,0,1,0,1,1,2
1,1,1,0,0,1,1,0
0,0,0,0,0,1,0,1
1,0,1,0,1,0,0,3
1,2,0,0,3,2,3,0
4,0,1,4,2,2,0,0
1,3,4,3,1,3,4,4
5,3,1,5,1,4,1,1
3,4,3,0,2,1,2,2
3,1,1,1,2,1,3,3
0,3,1,0,0,3,1,1
0,1,3,0,1,0,0,2
0,0,0,0,3,0,2,2
1,0,0,2,0,0,1,0
0,0,2,0,1,0,2,0
1,0,1,0,0,0,1,0
0,1,0,0,0,1,0,0
0,0,0,1,0,0,0,0
1,0,0,0,1,1,2,1
1,0,0,0,1,0,0,0
0,0,1,0,1,0,2,1
1,0,1,0,0,1,1,1
0,1,0,0,2,0,0,1
0,0,0,0,0,0,0,1
1,1,0,0,0,1,1,0
0,0,0,0,0,0,2,0
0,0,0,1,0,1,0,0
0,0,1,1,0,0,0,0
1,1,0,0,0,0,0,0
0,0,0,0,0,0,1,0
0,0,0,0,1,0,0,0
0,0,0,0,0,0,0,0
0,0,0,2,1,0,0,0
0,0,1,0,0,1,0,0
0,0,0,0,0,0,1,0
0,1,0,0,0,0,1,0
2,0,0,0,0,0,0,0
0,0,0,0,0,1,0,1
0,2,0,0,0,0,0,0
0,0,0,0,0,1,0,0
0,0,0,1,1,0,0,0
0,0,1,0,1,0,1,1
1,0,0,0,0,0,0,1
0,1,1,0,0,0,0,0
1,0,0,0,0,2,0,0
0,0,1,0,1,1,0,0
0,0,0,0,0,0,0,0
2,1,0,0,0,0,0,0
0,0,1,0,1,0,0,0
0,0,1,0,0,0,0,0
0,1,1,0,0,0,1,0
0,0,0,1,0,0,0,0
0,0,0,0,0,0,0,0
0,0,0,0,0,0,0,0
0,0,1,0,0,0,0,0
0,0,0,0,0,1,0,0
0,0,0,0,0,0,0,1
0,0,2,0,0,0,0,0
0,0,0,0,0,0,0,0
1,0,0,0,1,0,0,1
0,0,0,0,0,1,0,0
0,0,1,0,0,1,0,0
0,0,0,0,1,0,1,1
2,1,0,1,0,0,0,0
