SpectrumName : Wuerfel_2_Proj_4.SPC
XUnit        : 
YUnit        : 
Length       : 1024
SubSpcNum    : 1
StartSubSpc  : 0
StopSubSpc   : 0
Comment      : 
Realtime     : 300.000
Livetime     : 298.540
Deadtime     : 1.460
FastChannel  : 11622
Starttime    : 04.04.2000 00:06:52
Stoptime     : 25.01.2016 13:27:30
CalibCoeff   : a=0.000000000E+000 b=0.000000000E+000 c=0.000000000E+000 d=0.000000000E+000
SpectrumText : 0 
0,0,0,0,0,0,0,0
2,2,7,10,9,14,19,15
13,19,26,24,17,25,22,32
15,27,18,33,22,17,35,35
28,33,36,25,47,34,55,39
43,42,32,42,50,49,46,57
47,53,64,58,60,63,74,64
69,61,68,75,67,75,59,64
53,76,61,51,69,76,60,74
71,74,59,48,57,62,54,59
70,62,70,55,48,46,59,50
45,44,50,45,56,43,59,44
39,57,40,57,50,57,43,43
45,53,45,46,33,46,39,34
47,55,53,35,32,30,36,34
35,31,36,34,35,40,23,32
34,32,37,46,22,30,37,31
32,30,35,32,39,31,29,35
27,35,35,24,29,31,31,29
31,27,32,33,18,31,28,32
19,29,19,32,32,20,23,27
30,26,23,19,24,23,27,33
22,18,18,17,30,10,27,17
18,18,20,17,21,21,19,17
19,17,18,17,10,16,18,13
19,11,16,17,10,14,6,11
9,13,11,17,9,14,14,16
13,15,11,7,8,8,11,13
6,7,12,15,15,12,10,11
9,10,16,18,11,19,15,19
10,13,13,15,17,16,18,23
12,34,28,22,47,34,46,51
64,55,72,73,89,90,92,106
129,107,119,118,110,104,102,112
125,100,89,86,68,63,52,37
53,27,25,21,23,20,22,15
9,5,10,8,1,7,4,4
3,5,4,1,6,3,3,2
3,4,6,2,5,5,7,1
4,1,1,3,4,4,3,5
1,6,3,4,7,3,2,5
3,3,1,3,4,3,2,2
1,4,2,2,3,3,5,2
2,3,1,3,3,1,4,2
1,1,1,2,2,4,5,1
2,3,2,3,6,3,1,4
5,3,2,2,4,1,7,2
1,4,5,2,3,5,1,0
3,6,2,4,2,4,4,2
3,3,3,3,2,1,0,1
1,0,2,1,1,3,0,3
4,1,3,1,4,1,1,4
2,0,2,0,3,3,1,1
2,2,2,0,0,2,1,0
3,1,1,2,0,1,0,2
0,2,3,4,4,2,1,4
1,2,3,2,3,2,1,2
2,2,2,3,0,2,1,2
0,3,3,2,2,1,3,2
3,0,1,2,2,0,3,5
0,0,1,1,2,4,2,1
2,0,2,3,1,1,2,5
0,0,0,2,0,1,1,1
1,1,0,2,1,1,1,0
1,2,0,2,0,1,5,0
0,0,1,1,0,1,1,2
1,3,0,0,0,0,0,0
2,2,3,2,0,1,1,2
1,1,0,0,5,0,0,0
3,1,2,2,2,0,0,0
5,5,3,4,1,0,1,0
4,4,1,2,1,0,0,1
1,1,1,2,2,4,3,3
5,1,1,2,2,2,3,2
3,1,3,1,3,2,0,0
2,1,0,0,0,2,3,1
0,0,0,2,1,0,2,1
0,0,0,0,0,1,1,0
0,0,0,0,0,1,0,0
0,1,0,0,1,0,1,0
0,1,1,1,0,0,0,0
1,1,0,0,0,2,0,0
0,0,0,0,1,0,0,0
1,0,0,0,1,0,0,0
0,0,1,0,0,0,0,0
0,1,0,0,1,0,1,0
0,0,0,0,0,1,0,1
0,0,0,0,0,0,0,0
0,0,1,1,0,1,0,0
0,1,0,0,0,0,0,1
0,0,0,1,0,0,0,0
0,1,1,0,0,0,0,1
0,0,0,0,0,0,0,0
0,0,1,2,0,0,0,0
0,0,0,0,0,1,0,0
0,0,0,0,0,0,0,0
0,0,0,1,0,0,0,1
0,0,0,0,0,0,0,0
0,0,0,0,0,0,0,1
0,0,1,0,0,1,1,1
0,0,0,0,0,0,1,0
0,0,0,0,0,0,0,0
0,1,0,0,0,0,1,0
0,0,1,0,0,0,0,0
1,0,0,0,2,0,0,1
0,0,1,0,0,0,0,0
1,0,0,0,0,0,1,0
0,0,0,1,2,1,0,0
1,0,0,0,0,0,1,0
0,1,0,0,1,0,0,0
0,0,0,0,0,0,1,1
0,0,1,0,0,0,0,1
0,1,0,0,0,0,0,0
1,0,0,0,1,0,1,0
0,0,1,0,0,0,0,0
0,0,0,0,1,0,0,1
0,0,1,0,0,0,0,0
0,0,0,0,0,0,0,0
1,0,0,0,0,0,0,1
0,0,0,1,0,0,0,0
1,0,1,0,0,0,1,0
0,0,0,0,0,0,0,0
0,0,0,0,0,0,1,0
1,0,2,0,0,0,0,0
0,0,0,1,0,0,0,0
0,0,0,0,0,0,0,0
0,2,0,0,0,0,1,0
0,0,1,0,1,0,1,0
