SpectrumName : Wuerfel_1_Proj_4.SPC
XUnit        : 
YUnit        : 
Length       : 1024
SubSpcNum    : 1
StartSubSpc  : 0
StopSubSpc   : 0
Comment      : 
Realtime     : 300.000
Livetime     : 299.520
Deadtime     : 0.480
FastChannel  : 30282
Starttime    : 03.04.2000 22:42:19
Stoptime     : 03.04.2000 22:47:19
CalibCoeff   : a=0.000000000E+000 b=0.000000000E+000 c=0.000000000E+000 d=0.000000000E+000
SpectrumText : 0 
0,0,0,0,0,0,0,0
1,7,13,43,34,51,44,54
57,63,60,70,51,61,72,75
53,56,62,74,59,76,67,73
68,70,69,69,74,73,63,71
95,72,81,85,90,88,80,98
96,119,115,125,104,100,92,124
104,117,114,110,117,96,101,109
107,111,112,131,114,104,105,97
127,111,118,122,123,124,123,144
93,94,121,103,105,101,128,94
110,110,95,110,88,100,94,91
105,103,100,86,122,108,90,96
86,103,105,97,91,83,79,78
100,91,93,92,84,82,90,92
88,86,90,77,108,69,86,96
93,81,77,65,77,70,74,91
75,91,84,74,76,75,81,94
91,77,79,84,78,69,74,89
69,72,65,73,74,74,86,86
84,79,75,87,90,80,59,86
94,77,93,79,75,97,85,74
74,74,69,94,74,76,80,67
71,74,66,71,50,65,56,55
55,44,62,46,51,42,50,35
37,35,51,45,32,25,43,32
35,26,26,39,34,30,31,30
21,25,26,20,31,29,36,23
30,33,29,25,25,37,34,27
27,22,24,39,31,28,31,28
33,35,48,44,46,44,49,54
62,67,95,112,108,149,160,187
214,222,286,319,314,328,426,415
417,456,498,532,508,551,527,480
507,396,365,388,339,322,322,225
220,177,148,123,104,83,56,32
33,37,38,26,14,11,9,9
4,4,3,2,1,3,10,2
6,3,5,4,6,2,6,3
4,1,3,3,3,4,5,3
2,5,3,3,5,3,3,1
1,2,3,1,4,2,4,2
5,2,2,4,5,1,5,2
5,0,5,2,1,4,2,4
1,1,1,2,2,0,5,3
8,4,0,2,2,7,1,6
5,1,7,6,5,3,10,6
6,1,0,2,7,4,0,2
1,1,2,0,2,2,2,6
5,2,8,3,3,3,2,4
3,3,1,0,1,0,4,4
3,4,0,0,0,0,3,1
1,3,1,2,3,4,0,0
1,2,2,2,2,2,2,2
1,2,2,3,0,2,0,0
1,1,2,2,1,2,1,0
3,2,1,0,2,1,1,1
3,1,1,1,3,1,1,0
2,0,2,1,0,0,2,2
3,1,1,2,2,0,0,3
2,1,0,2,0,1,0,0
3,1,1,0,1,1,0,2
1,2,2,1,0,2,0,0
2,1,0,0,2,0,0,1
1,3,1,1,0,2,1,1
1,3,0,1,1,0,2,1
1,0,0,2,1,1,0,0
0,0,1,4,2,1,3,0
2,1,1,1,1,0,1,0
1,1,2,0,5,0,3,1
1,3,3,2,7,4,2,0
2,1,0,3,2,3,2,7
1,4,1,2,1,0,4,1
4,1,2,2,3,2,1,1
1,1,4,1,1,2,0,1
0,1,0,0,1,1,1,1
1,0,0,0,0,1,0,0
0,1,0,1,0,0,1,1
0,0,1,0,1,0,0,1
1,0,0,0,0,0,0,0
0,0,0,0,0,1,0,1
0,0,1,1,0,0,1,0
0,0,1,0,0,0,0,0
0,0,0,0,1,0,0,0
0,4,0,0,0,1,1,0
0,0,0,1,2,0,2,2
1,1,0,0,1,1,2,0
0,0,0,1,0,0,1,0
1,1,0,0,0,1,0,0
0,1,0,0,0,0,1,0
1,0,0,1,0,1,1,0
0,0,0,0,0,0,1,1
0,0,0,0,1,0,0,1
0,0,1,0,0,0,0,0
0,0,1,0,0,0,0,0
1,0,0,0,0,0,0,1
0,0,0,0,0,0,0,0
1,0,0,0,0,0,0,0
1,0,1,0,1,0,0,0
0,0,0,1,1,0,1,1
0,1,0,0,0,1,0,0
0,0,0,0,0,0,0,0
0,1,0,0,2,0,0,1
0,0,0,1,0,0,0,1
0,0,1,0,0,1,0,0
0,0,0,0,1,0,0,0
1,0,1,0,0,0,1,0
1,0,1,0,0,0,0,0
0,0,0,1,0,1,1,0
1,0,1,0,2,1,0,0
0,1,0,0,0,0,1,0
0,1,0,1,0,0,1,0
0,0,0,0,0,1,0,0
0,0,0,0,0,0,1,2
0,0,1,0,0,0,0,0
1,0,0,0,0,0,0,0
0,0,0,0,1,0,0,0
0,0,0,0,0,0,1,0
0,0,0,0,0,0,0,0
0,0,0,1,0,0,0,0
0,0,0,0,0,0,0,1
1,0,0,0,0,0,0,0
0,0,0,0,0,0,0,0
0,0,0,0,1,0,0,0
0,0,0,0,0,0,0,0
0,0,1,1,0,0,0,0
0,0,0,0,1,0,0,0
0,0,0,1,0,1,0,0
