SpectrumName : Wuerfel_4_Proj_05.SPC
XUnit        : 
YUnit        : 
Length       : 1024
SubSpcNum    : 1
StartSubSpc  : 0
StopSubSpc   : 0
Comment      : 
Realtime     : 300.000
Livetime     : 299.460
Deadtime     : 0.540
FastChannel  : 30808
Starttime    : 25.01.2016 14:23:05
Stoptime     : 25.01.2016 14:28:06
CalibCoeff   : a=0.000000000E+000 b=0.000000000E+000 c=0.000000000E+000 d=0.000000000E+000
SpectrumText : 0 
0,0,0,0,0,0,0,0
2,7,21,24,40,38,46,47
53,66,55,66,61,62,70,85
76,62,54,67,66,78,71,67
62,67,83,77,76,86,80,83
71,96,76,90,88,94,94,90
100,102,106,99,101,105,102,103
96,113,119,100,105,107,107,105
98,95,115,118,96,118,125,108
102,114,118,103,126,96,120,108
113,103,118,119,107,113,112,106
107,104,113,97,87,101,96,99
82,99,93,99,96,116,92,95
105,92,96,90,86,77,90,77
75,91,82,84,74,67,72,94
86,82,81,90,84,91,96,98
93,79,84,83,83,80,73,87
76,84,91,54,86,69,67,99
74,86,70,76,73,87,66,84
78,63,74,75,79,103,74,56
85,62,75,88,71,86,65,72
80,76,72,82,82,92,69,66
74,70,79,93,62,76,72,66
68,74,78,56,59,62,65,62
52,64,57,47,46,41,47,45
36,35,34,38,46,31,30,41
28,33,32,30,38,23,21,23
26,31,29,26,22,26,35,22
28,22,31,26,32,22,33,28
36,26,32,29,34,21,30,34
41,33,37,28,37,45,40,55
68,71,95,101,116,133,132,184
209,249,270,278,361,367,416,426
486,553,549,551,556,573,543,545
536,460,478,406,371,365,319,269
244,217,166,130,113,90,69,69
40,32,27,13,13,10,10,8
2,5,5,2,4,1,4,4
6,4,6,4,4,1,2,5
2,4,3,2,2,1,2,2
5,3,4,3,4,4,3,3
5,4,1,4,3,1,3,4
3,1,4,2,4,2,5,3
2,4,0,2,1,2,1,2
4,2,0,2,4,0,4,0
7,2,3,2,4,5,2,2
1,8,2,3,4,6,1,1
2,5,1,3,5,2,1,1
2,4,0,1,3,3,1,4
4,4,1,3,3,1,2,3
0,1,1,1,1,1,4,3
2,5,0,3,2,2,0,2
1,1,3,1,4,0,1,2
5,1,1,1,2,3,1,1
2,4,3,2,0,1,6,3
3,2,1,1,1,1,0,0
6,0,2,3,2,0,2,2
3,2,1,3,3,4,2,6
2,1,2,2,4,1,1,0
3,1,0,2,1,1,1,3
2,0,2,2,3,3,2,3
0,1,2,0,0,2,2,1
1,4,2,1,1,0,0,0
2,4,1,0,0,1,1,0
0,2,0,1,0,0,1,2
1,1,0,0,0,2,1,2
0,0,1,1,0,0,3,1
2,0,0,0,0,1,1,1
0,0,0,0,1,1,2,1
3,2,0,1,3,1,0,2
3,0,1,2,0,5,2,3
2,4,1,0,3,2,2,1
3,2,5,3,2,3,4,3
0,3,2,1,3,0,2,1
1,1,3,0,2,1,1,0
1,0,0,2,1,2,1,0
1,0,0,2,1,3,3,1
2,0,1,0,0,0,1,0
0,0,2,1,0,0,2,0
0,2,0,1,1,2,3,0
0,0,1,0,0,0,0,1
0,0,0,0,0,0,0,1
0,1,0,2,0,1,0,0
0,0,1,0,0,0,0,0
0,0,2,0,0,0,0,0
1,2,1,0,0,0,1,0
1,0,0,0,0,0,0,0
0,1,1,1,0,0,1,1
0,0,0,1,1,0,0,0
2,2,0,0,2,1,1,0
0,1,0,0,1,1,0,1
0,0,0,1,1,0,1,0
0,1,0,0,1,0,0,0
0,0,0,1,0,0,0,1
0,0,0,0,0,0,0,0
0,1,0,0,1,1,0,0
0,0,0,0,0,0,0,1
0,0,1,0,0,0,0,0
1,0,0,0,0,1,0,0
0,0,0,0,1,0,0,0
0,0,0,2,0,0,0,1
1,0,0,0,1,0,0,0
0,0,0,0,0,0,1,0
0,1,0,0,0,0,0,0
0,0,0,1,0,0,1,0
0,0,0,1,0,0,0,0
0,0,1,0,0,0,0,0
0,0,0,1,0,0,0,1
0,0,0,0,1,0,0,1
2,0,0,0,2,0,0,0
1,0,1,0,0,0,0,0
2,0,0,0,0,0,0,0
1,0,0,0,0,0,0,0
1,0,1,0,1,0,0,1
0,0,0,0,0,0,0,1
0,0,0,0,0,1,0,0
0,0,0,0,0,0,0,0
0,0,0,0,0,0,0,1
0,0,0,0,0,0,0,0
0,0,0,0,0,0,0,0
0,0,0,0,0,0,0,0
0,0,0,0,0,0,0,0
0,0,0,1,0,0,1,0
0,0,0,0,0,0,0,0
0,0,0,0,1,0,0,0
0,0,0,1,0,0,0,0
0,1,2,0,2,0,0,0
3,1,0,0,0,0,0,0
