SpectrumName : Wuerfel_4_Proj_01.SPC
XUnit        : 
YUnit        : 
Length       : 1024
SubSpcNum    : 1
StartSubSpc  : 0
StopSubSpc   : 0
Comment      : 
Realtime     : 300.000
Livetime     : 299.350
Deadtime     : 0.650
FastChannel  : 32644
Starttime    : 25.01.2016 14:00:29
Stoptime     : 25.01.2016 14:05:29
CalibCoeff   : a=0.000000000E+000 b=0.000000000E+000 c=0.000000000E+000 d=0.000000000E+000
SpectrumText : 0 
0,0,0,0,0,0,0,0
1,4,16,40,39,39,52,57
65,52,60,66,66,57,60,86
72,88,79,69,76,67,61,75
89,70,76,79,77,81,104,68
79,92,111,108,102,107,111,103
98,107,112,116,117,123,103,111
122,112,98,120,122,91,114,102
131,123,146,144,117,114,120,121
118,126,118,131,97,108,117,121
123,105,104,129,126,102,110,105
106,128,125,84,125,102,96,103
103,101,96,114,105,88,103,92
88,84,106,97,92,89,90,102
89,84,85,87,87,102,84,104
92,84,81,87,100,103,75,78
101,71,78,79,90,73,81,90
74,86,80,84,79,74,83,90
81,87,77,89,77,81,79,61
81,92,76,89,87,71,82,87
88,72,87,84,94,89,78,86
97,78,81,91,76,86,75,74
88,72,89,73,83,79,81,77
75,63,54,67,87,51,59,71
45,56,60,47,51,47,44,43
43,31,32,39,35,28,39,38
29,28,18,36,27,30,27,41
34,26,25,36,23,24,31,30
22,25,40,29,30,25,19,33
20,26,29,23,24,27,32,36
33,24,40,41,38,50,61,79
61,81,80,102,105,153,164,196
229,218,284,322,363,417,441,464
503,558,579,583,579,583,565,602
584,519,502,447,400,372,321,305
254,227,190,157,135,105,81,52
49,36,29,20,18,9,7,10
5,3,5,2,4,2,4,5
5,4,5,5,0,3,1,2
7,2,4,3,4,1,2,1
5,2,0,3,2,1,1,3
2,3,4,1,3,5,4,1
6,1,4,3,5,2,1,2
4,5,5,3,6,4,2,5
5,1,2,5,0,1,3,1
2,2,1,2,5,1,2,1
2,0,3,4,2,2,7,4
2,2,1,2,3,3,3,1
7,3,1,4,1,1,4,1
2,2,2,0,1,1,0,3
1,3,2,2,2,2,3,2
2,0,2,1,2,1,2,3
4,4,3,3,3,2,1,3
2,1,2,1,4,1,1,1
4,2,4,3,1,1,2,2
1,2,1,2,3,2,3,0
2,2,2,2,1,1,3,2
1,0,1,3,2,4,2,2
0,2,2,2,2,1,3,4
0,1,1,1,2,2,4,3
1,1,0,1,3,1,1,3
0,0,0,1,1,1,1,3
1,0,1,0,0,0,0,1
1,0,1,0,2,2,0,2
0,1,0,1,0,1,2,4
0,0,2,1,1,2,1,0
2,2,1,0,1,1,2,0
1,2,2,4,1,4,0,1
1,4,2,1,1,1,0,0
1,1,2,1,2,0,1,1
0,4,1,1,3,1,1,1
2,3,2,2,2,2,3,3
6,3,2,3,1,5,2,4
2,3,2,4,1,2,0,1
1,3,1,0,4,3,1,0
1,0,0,2,0,0,1,0
2,1,1,0,2,1,0,0
0,0,0,0,0,1,0,0
0,0,0,1,0,0,0,1
0,1,1,0,0,0,0,0
0,1,0,1,0,0,0,0
2,2,0,0,1,0,0,0
1,1,0,1,0,1,0,2
0,1,0,2,1,0,1,0
0,1,0,0,0,0,1,0
1,1,0,0,0,0,1,2
0,1,0,1,0,1,0,1
0,2,2,2,0,2,1,0
0,0,1,0,0,1,0,2
0,1,0,1,0,0,1,0
0,0,0,0,0,0,0,1
0,1,0,0,0,0,0,0
1,0,0,0,0,1,0,0
0,0,0,3,0,0,0,0
0,0,0,0,1,3,0,0
1,0,0,0,0,0,0,0
0,0,0,0,1,0,0,1
1,0,0,0,1,0,0,0
0,0,1,0,1,0,0,0
0,0,0,0,0,0,0,1
0,0,0,0,1,0,0,0
1,2,0,0,1,1,0,0
0,0,0,0,0,1,0,0
0,0,0,2,0,0,1,1
0,0,0,0,0,1,0,1
0,0,0,0,1,1,0,0
0,0,0,0,0,2,1,0
0,0,0,0,1,1,0,0
0,0,0,0,0,1,0,0
0,1,0,0,0,0,0,0
0,0,0,0,0,0,1,0
1,0,1,0,0,0,0,2
0,0,0,1,0,0,0,1
0,1,0,0,0,0,1,1
0,0,0,0,0,0,0,0
0,0,0,0,0,1,0,0
0,0,0,0,0,0,0,0
0,0,0,0,1,0,0,0
0,0,0,0,0,0,0,0
1,1,0,0,0,1,0,0
0,1,0,0,0,0,0,0
0,0,0,0,0,0,0,0
0,0,0,0,0,0,0,0
0,0,0,0,0,1,0,0
0,1,0,0,0,0,1,0
0,0,0,0,0,0,0,1
1,0,1,0,0,1,1,0
1,1,0,0,0,0,0,0
