SpectrumName : Wuerfel_4_Proj_07.SPC
XUnit        : 
YUnit        : 
Length       : 1024
SubSpcNum    : 1
StartSubSpc  : 0
StopSubSpc   : 0
Comment      : 
Realtime     : 300.000
Livetime     : 299.500
Deadtime     : 0.500
FastChannel  : 47244
Starttime    : 25.01.2016 14:34:23
Stoptime     : 25.01.2016 14:39:24
CalibCoeff   : a=0.000000000E+000 b=0.000000000E+000 c=0.000000000E+000 d=0.000000000E+000
SpectrumText : 0 
0,1,0,0,0,0,0,0
2,11,26,43,73,72,76,83
76,94,95,108,92,86,101,101
93,96,105,93,102,100,103,110
108,130,109,111,113,118,113,110
97,121,123,142,131,135,134,130
157,132,137,136,167,163,135,160
148,145,166,152,170,138,141,175
150,165,186,168,153,152,135,136
151,179,131,168,180,170,162,147
137,151,159,107,152,138,149,161
142,147,145,149,146,172,140,141
142,148,150,124,123,149,112,119
117,126,128,110,120,134,124,120
126,133,145,104,115,108,124,122
126,119,121,133,147,107,125,120
122,124,126,116,119,117,106,125
115,128,129,142,119,118,131,123
101,113,122,126,116,119,118,121
109,117,107,92,115,104,127,123
105,110,119,107,129,110,123,120
115,118,119,144,124,117,126,121
112,124,119,136,119,110,126,117
131,122,105,96,124,79,79,92
63,65,71,62,64,67,73,69
71,58,55,44,57,47,55,59
56,41,37,46,43,40,37,52
53,48,33,38,50,43,32,30
40,29,42,42,37,35,46,57
38,49,51,44,31,38,51,40
29,48,55,50,60,84,96,81
89,106,141,156,171,215,246,288
322,385,402,485,480,618,679,741
764,878,866,933,936,957,888,866
902,874,794,718,694,577,550,501
403,344,308,269,201,169,103,104
77,79,52,40,17,23,17,6
11,12,9,8,5,2,8,6
7,7,5,2,4,3,2,1
2,4,4,3,4,5,5,5
7,3,3,1,1,2,2,2
4,6,1,3,5,2,5,4
5,4,4,3,2,4,4,1
6,0,3,4,2,2,0,5
1,5,4,3,3,3,7,4
6,3,2,2,1,1,3,2
1,2,4,2,3,3,2,2
5,5,2,2,4,4,5,1
1,1,1,1,3,2,5,3
2,3,5,2,2,0,1,2
4,2,1,2,2,0,2,2
2,2,2,2,1,0,5,3
1,1,4,0,3,0,1,1
2,2,0,1,1,5,1,6
1,3,0,1,1,3,2,6
1,2,1,1,0,4,2,3
3,1,1,3,2,5,3,6
2,1,1,5,3,3,4,3
1,0,4,4,1,4,4,0
2,2,6,1,4,3,1,2
2,0,1,1,1,7,1,2
2,4,0,3,0,0,0,1
2,6,1,0,0,1,4,1
1,0,0,4,2,1,1,1
0,1,1,1,2,1,0,1
0,3,0,1,1,1,0,1
4,0,0,0,1,0,1,1
1,2,0,0,1,2,2,1
2,1,1,1,0,0,2,2
1,1,0,3,0,1,1,0
3,2,1,1,1,0,2,1
1,3,5,0,1,2,1,2
2,1,0,3,2,3,1,4
2,4,3,1,3,0,0,1
0,1,3,0,2,0,0,2
0,1,1,0,1,0,0,2
0,1,0,2,0,1,1,0
2,0,0,0,0,0,2,0
0,2,0,1,0,0,0,0
0,1,2,1,0,0,0,2
0,1,0,1,1,1,0,0
0,0,0,1,0,0,0,1
2,1,0,2,0,0,1,0
0,0,0,0,0,0,0,0
0,0,1,0,0,1,0,0
0,0,0,0,0,1,0,0
0,1,0,1,0,0,0,1
1,0,0,0,0,0,0,0
0,1,0,0,0,1,0,0
1,0,0,1,1,0,0,0
0,0,0,0,1,0,0,2
0,0,0,0,0,0,0,0
0,1,0,0,0,0,0,0
0,0,0,1,0,0,1,0
0,0,0,0,0,0,1,0
1,1,0,0,0,0,0,0
0,0,0,0,0,0,0,2
0,0,0,0,0,0,0,0
0,1,0,0,0,0,0,1
0,0,0,0,1,0,0,1
3,1,1,0,0,0,0,1
0,0,0,0,0,1,0,0
2,0,0,1,0,1,0,0
0,0,0,0,0,1,0,0
1,1,0,0,2,1,0,1
1,0,0,0,0,0,0,0
0,0,0,1,0,0,1,0
0,0,0,1,0,0,0,2
1,1,1,2,0,0,0,0
0,0,0,0,1,0,0,0
0,0,0,1,0,0,0,1
0,1,1,0,0,1,0,0
0,0,0,0,1,0,0,0
1,0,0,0,1,0,0,0
0,1,0,0,0,0,0,0
0,1,0,1,0,0,0,0
0,0,0,0,2,0,1,0
1,0,0,0,0,0,0,0
0,0,0,0,1,0,0,0
0,0,0,0,0,0,0,0
0,0,0,0,0,0,0,0
0,0,0,0,0,0,0,0
0,1,1,0,1,0,0,0
0,0,0,0,0,0,0,0
1,0,0,0,0,1,0,0
0,0,0,0,0,0,0,0
0,2,0,0,0,0,0,0
1,0,2,0,0,0,1,0
