SpectrumName : Wuerfel_4_Proj_11.SPC
XUnit        : 
YUnit        : 
Length       : 1024
SubSpcNum    : 1
StartSubSpc  : 0
StopSubSpc   : 0
Comment      : 
Realtime     : 300.000
Livetime     : 299.430
Deadtime     : 0.570
FastChannel  : 38070
Starttime    : 25.01.2016 14:58:56
Stoptime     : 25.01.2016 15:03:56
CalibCoeff   : a=0.000000000E+000 b=0.000000000E+000 c=0.000000000E+000 d=0.000000000E+000
SpectrumText : 0 
0,0,0,0,0,0,0,0
1,6,29,50,45,49,73,70
64,62,75,74,84,69,80,82
67,82,74,87,81,73,75,93
92,83,90,90,104,106,97,99
103,104,106,122,117,103,106,117
115,133,121,108,114,134,115,128
136,134,135,138,134,137,130,112
123,136,131,121,133,123,140,121
119,143,158,119,137,137,113,139
108,138,117,124,110,106,120,112
135,117,119,108,130,135,136,111
119,111,113,120,127,102,121,84
91,116,104,121,96,108,113,114
107,102,117,101,104,90,96,90
108,107,93,99,92,92,96,101
106,83,95,105,122,81,88,91
107,92,81,105,87,86,93,107
90,86,84,103,94,98,80,94
76,90,87,81,81,93,88,94
81,92,99,108,90,89,93,107
110,105,91,100,94,105,99,99
116,104,96,97,87,86,98,86
99,84,79,82,87,85,74,69
66,59,44,44,55,54,47,35
45,38,40,32,41,44,49,47
26,32,44,37,20,27,44,30
41,22,35,29,45,36,20,34
31,37,33,33,20,39,42,37
38,31,43,29,35,34,43,42
42,41,38,50,45,51,66,78
71,68,121,110,147,150,187,216
253,290,328,388,425,483,543,530
641,642,682,780,708,699,694,711
703,696,562,563,548,524,423,410
301,291,258,199,155,127,107,80
65,50,33,26,10,18,9,6
7,3,4,5,7,2,5,7
2,6,6,0,3,4,0,0
3,4,4,2,3,3,3,7
4,3,6,3,5,2,3,5
0,2,0,1,1,4,1,4
1,4,1,2,1,3,4,3
3,4,3,0,0,3,4,3
3,2,3,5,5,6,1,3
4,2,3,3,4,4,2,0
2,4,3,2,2,8,3,3
3,5,2,1,2,5,1,2
1,3,1,2,0,3,3,2
3,0,3,1,2,3,4,1
2,1,2,4,2,4,3,1
2,2,0,1,5,0,3,1
1,2,2,1,0,2,0,3
0,4,3,0,4,1,2,1
0,5,1,1,4,3,3,1
2,1,1,1,1,3,5,3
0,0,2,2,1,2,1,1
3,1,2,0,1,1,0,3
2,2,0,0,4,0,1,1
3,2,4,1,2,3,3,1
1,6,2,3,2,0,1,2
0,2,3,5,2,1,3,2
2,0,1,0,0,0,3,0
0,0,1,0,1,2,2,0
1,0,0,2,0,3,0,1
1,0,0,0,0,0,2,1
2,1,0,1,0,2,1,1
5,1,0,2,1,0,2,1
0,1,2,3,2,1,0,0
0,0,1,2,2,0,0,1
4,4,0,3,1,0,3,0
2,6,6,0,2,3,4,2
2,1,6,0,1,0,4,1
2,2,4,3,4,2,2,0
2,1,2,0,1,4,0,1
0,2,1,0,6,0,0,0
1,1,0,1,0,0,1,1
0,0,0,0,1,0,0,1
0,1,1,2,1,0,0,0
0,1,0,1,0,2,1,0
0,1,0,0,1,0,0,1
0,0,2,1,1,0,0,0
0,0,1,2,0,0,0,0
2,0,0,0,1,0,1,1
0,0,0,0,0,0,0,0
0,0,1,1,1,0,0,0
0,0,1,1,0,0,0,0
0,1,1,1,0,1,2,1
2,1,1,2,1,0,0,1
0,0,1,0,0,0,0,1
0,0,0,1,0,1,1,0
0,0,1,0,0,0,0,0
0,0,0,0,1,1,0,1
0,2,0,0,0,0,0,0
0,0,0,0,0,0,0,0
0,1,0,1,0,0,0,0
1,2,0,0,0,0,1,0
0,1,0,1,0,0,1,0
0,0,0,0,0,0,1,1
1,0,0,0,0,0,0,0
0,1,1,0,1,0,0,0
0,0,0,0,1,0,0,0
0,0,0,0,0,0,1,1
0,0,1,0,0,1,0,0
1,0,0,0,0,0,0,0
0,0,0,1,0,0,0,1
0,0,1,0,0,1,0,0
0,0,1,0,0,1,0,0
0,0,0,1,0,1,0,1
0,0,1,1,0,0,0,0
0,0,0,0,0,0,0,1
0,0,0,0,1,0,0,0
0,0,0,0,0,1,0,0
1,0,0,0,0,1,0,0
0,0,0,1,0,0,0,0
0,0,0,0,0,0,0,1
0,0,0,1,0,0,0,0
0,0,0,0,0,0,0,0
0,0,0,0,0,0,0,0
0,0,0,1,0,1,1,0
0,0,0,0,0,0,0,0
0,0,0,0,1,0,0,0
0,0,0,0,0,0,0,0
0,0,0,0,0,1,0,0
0,0,0,1,0,0,1,1
1,0,0,0,0,1,0,0
0,0,0,0,0,0,0,0
0,0,0,0,0,0,0,0
