SpectrumName : Wuerfel_2_Proj_2.SPC
XUnit        : 
YUnit        : 
Length       : 1024
SubSpcNum    : 1
StartSubSpc  : 0
StopSubSpc   : 0
Comment      : 
Realtime     : 300.020
Livetime     : 296.940
Deadtime     : 3.080
FastChannel  : 9506
Starttime    : 03.04.2000 23:41:46
Stoptime     : 03.04.2000 23:46:46
CalibCoeff   : a=0.000000000E+000 b=0.000000000E+000 c=0.000000000E+000 d=0.000000000E+000
SpectrumText : 0 
0,0,0,0,0,0,0,0
0,1,5,4,13,8,19,20
15,10,13,22,12,31,26,20
20,11,25,19,14,21,38,29
30,23,26,30,34,30,31,35
35,32,32,42,45,37,47,44
48,47,48,45,53,57,47,63
49,55,67,62,62,57,58,48
51,51,63,54,52,61,54,76
45,38,46,43,56,51,63,65
60,41,46,53,49,49,44,54
46,48,39,48,58,52,43,35
48,33,38,42,36,40,42,44
36,40,25,34,38,35,35,41
38,30,33,35,40,37,33,21
22,36,24,30,19,18,26,37
16,18,20,31,28,29,18,12
26,33,25,31,22,22,30,20
17,35,30,18,25,20,23,28
16,21,24,17,19,14,22,18
19,18,22,18,30,21,17,18
24,23,16,19,20,17,19,19
19,19,21,23,19,14,15,13
13,11,19,14,14,13,14,16
11,20,10,14,18,16,16,10
12,13,14,13,14,14,9,11
14,12,9,10,18,16,13,8
7,8,10,14,8,9,7,6
11,9,15,9,13,15,10,4
15,9,6,10,11,12,7,11
10,14,6,9,15,9,9,10
22,19,21,33,22,14,19,44
43,36,42,47,51,58,79,64
74,90,96,74,88,65,66,68
73,66,66,48,59,42,38,35
27,23,17,31,10,20,15,10
5,5,5,10,1,4,2,2
3,5,5,4,6,2,2,5
5,1,2,1,2,4,4,5
4,1,1,1,3,1,4,2
5,1,1,5,4,4,5,4
3,4,1,4,4,1,4,4
3,2,0,1,2,3,4,5
2,4,5,4,3,4,2,0
1,4,2,6,5,6,2,3
2,5,3,1,1,4,4,2
4,4,3,3,2,5,3,0
3,3,2,5,1,3,1,4
2,3,0,3,2,2,1,5
3,5,2,5,6,1,1,1
2,3,1,1,2,1,2,4
3,2,0,1,0,1,2,4
0,1,1,2,1,5,1,1
2,0,3,2,2,1,0,0
1,2,1,2,1,2,1,3
5,2,0,2,0,2,1,0
3,1,0,4,1,3,3,3
2,5,4,1,2,1,1,3
3,2,2,1,2,4,2,3
2,2,2,1,4,3,4,2
2,1,2,2,0,3,4,0
1,4,0,3,4,1,1,0
1,0,1,1,2,1,1,1
1,1,1,0,0,0,1,2
0,0,0,1,1,1,4,0
0,2,2,0,1,2,0,1
1,1,1,1,1,1,2,1
1,1,2,0,1,1,0,2
1,1,1,2,1,0,0,2
1,2,0,0,0,2,2,1
1,4,5,4,6,1,1,1
0,4,3,2,4,1,4,2
3,5,1,3,4,8,2,3
2,2,4,4,0,2,0,0
1,0,3,0,0,0,1,1
2,1,1,0,1,0,2,1
2,1,1,0,1,2,0,1
0,1,2,1,1,0,0,1
2,0,1,1,2,1,0,1
1,0,0,1,0,0,0,0
1,1,1,0,0,0,0,1
1,0,0,0,0,0,0,0
1,1,1,0,0,0,0,0
0,0,1,0,0,1,0,1
1,0,2,0,0,0,0,0
0,0,0,1,1,0,1,0
0,0,0,0,0,1,2,0
0,0,1,1,1,1,0,0
0,0,1,1,0,0,0,1
1,0,1,1,0,0,0,1
0,0,1,0,0,0,0,1
0,0,0,0,0,0,0,0
1,0,0,0,0,0,0,0
0,0,0,0,1,0,0,0
0,0,1,0,0,0,1,0
0,0,1,0,0,0,0,0
0,1,0,0,0,0,0,0
1,0,1,0,1,0,1,0
0,0,1,0,0,1,0,0
0,0,0,1,0,0,0,0
0,1,0,0,0,0,0,2
1,0,0,1,0,0,0,1
0,1,0,0,0,0,0,0
0,1,0,0,1,0,0,1
1,1,3,0,0,0,1,1
0,0,1,0,1,2,0,0
0,0,1,2,0,0,0,0
1,0,0,0,0,0,0,1
0,1,0,1,0,0,0,0
0,1,0,0,0,0,0,0
0,1,0,0,0,0,1,0
0,0,0,0,1,0,0,1
0,0,0,0,0,0,0,0
0,2,1,0,0,0,0,0
0,1,0,1,0,0,0,0
0,0,1,0,0,0,0,0
0,0,0,0,2,0,0,0
0,1,0,0,0,0,0,0
0,0,0,1,0,0,1,0
0,0,0,0,0,0,0,0
0,0,0,0,0,0,0,1
0,0,0,0,0,1,0,0
0,1,0,0,0,0,0,0
0,0,0,2,0,0,1,0
0,0,0,1,0,0,1,0
2,0,0,2,0,0,0,0
0,0,0,0,0,1,0,1
0,0,1,1,0,0,0,0
