# Converted file from inputfile Wuerfel_2_Proj_5.CHN
# MCA number or Detector number: 1
# Segment number (set to 1 in UMCBI): 1
# ASCII seconds of start time: 12337
# Real Time (s): 300.000
# Live Time (s) : 297.800
# Start Date (DDMMMYY): 03APR00
# Start time (HHMM): 2355
# Channel offset of data: 0
# Number of channels (length of data): 1024

# Data: 

0 	 0
1 	 0
2 	 0
3 	 0
4 	 0
5 	 0
6 	 0
7 	 0
8 	 0
9 	 2
10 	 4
11 	 7
12 	 10
13 	 4
14 	 12
15 	 19
16 	 10
17 	 16
18 	 23
19 	 13
20 	 20
21 	 5
22 	 19
23 	 19
24 	 15
25 	 11
26 	 18
27 	 18
28 	 19
29 	 18
30 	 23
31 	 19
32 	 19
33 	 26
34 	 25
35 	 38
36 	 33
37 	 24
38 	 26
39 	 35
40 	 30
41 	 27
42 	 49
43 	 47
44 	 47
45 	 38
46 	 47
47 	 46
48 	 42
49 	 58
50 	 45
51 	 57
52 	 50
53 	 48
54 	 57
55 	 56
56 	 45
57 	 59
58 	 70
59 	 47
60 	 56
61 	 52
62 	 41
63 	 56
64 	 51
65 	 52
66 	 44
67 	 53
68 	 60
69 	 43
70 	 54
71 	 48
72 	 39
73 	 55
74 	 45
75 	 39
76 	 55
77 	 45
78 	 46
79 	 40
80 	 41
81 	 43
82 	 54
83 	 71
84 	 34
85 	 37
86 	 51
87 	 46
88 	 41
89 	 40
90 	 43
91 	 47
92 	 37
93 	 33
94 	 47
95 	 47
96 	 51
97 	 40
98 	 45
99 	 41
100 	 39
101 	 34
102 	 38
103 	 44
104 	 40
105 	 39
106 	 34
107 	 26
108 	 35
109 	 27
110 	 28
111 	 30
112 	 27
113 	 32
114 	 21
115 	 30
116 	 26
117 	 30
118 	 24
119 	 28
120 	 15
121 	 20
122 	 30
123 	 22
124 	 17
125 	 23
126 	 29
127 	 17
128 	 36
129 	 28
130 	 25
131 	 17
132 	 21
133 	 26
134 	 32
135 	 24
136 	 20
137 	 26
138 	 23
139 	 21
140 	 28
141 	 25
142 	 20
143 	 26
144 	 22
145 	 24
146 	 13
147 	 26
148 	 12
149 	 23
150 	 24
151 	 13
152 	 21
153 	 15
154 	 24
155 	 21
156 	 15
157 	 19
158 	 12
159 	 13
160 	 11
161 	 25
162 	 15
163 	 21
164 	 15
165 	 18
166 	 16
167 	 13
168 	 14
169 	 15
170 	 19
171 	 14
172 	 13
173 	 15
174 	 18
175 	 11
176 	 13
177 	 18
178 	 16
179 	 16
180 	 18
181 	 19
182 	 11
183 	 8
184 	 16
185 	 8
186 	 17
187 	 15
188 	 15
189 	 9
190 	 14
191 	 15
192 	 18
193 	 14
194 	 13
195 	 11
196 	 12
197 	 12
198 	 9
199 	 14
200 	 10
201 	 11
202 	 4
203 	 7
204 	 13
205 	 10
206 	 13
207 	 10
208 	 11
209 	 9
210 	 8
211 	 10
212 	 14
213 	 7
214 	 7
215 	 6
216 	 8
217 	 7
218 	 7
219 	 11
220 	 5
221 	 4
222 	 11
223 	 12
224 	 10
225 	 8
226 	 6
227 	 14
228 	 4
229 	 11
230 	 10
231 	 11
232 	 11
233 	 7
234 	 9
235 	 18
236 	 11
237 	 5
238 	 9
239 	 8
240 	 8
241 	 7
242 	 11
243 	 14
244 	 6
245 	 8
246 	 13
247 	 12
248 	 13
249 	 7
250 	 12
251 	 13
252 	 23
253 	 16
254 	 27
255 	 24
256 	 27
257 	 26
258 	 31
259 	 29
260 	 37
261 	 41
262 	 35
263 	 39
264 	 41
265 	 44
266 	 47
267 	 56
268 	 35
269 	 51
270 	 32
271 	 45
272 	 26
273 	 41
274 	 36
275 	 32
276 	 27
277 	 24
278 	 25
279 	 15
280 	 21
281 	 23
282 	 18
283 	 9
284 	 9
285 	 11
286 	 6
287 	 8
288 	 6
289 	 7
290 	 5
291 	 5
292 	 8
293 	 9
294 	 6
295 	 6
296 	 8
297 	 1
298 	 3
299 	 4
300 	 6
301 	 1
302 	 2
303 	 5
304 	 3
305 	 2
306 	 2
307 	 4
308 	 2
309 	 3
310 	 4
311 	 2
312 	 2
313 	 7
314 	 1
315 	 0
316 	 5
317 	 5
318 	 4
319 	 4
320 	 3
321 	 1
322 	 0
323 	 2
324 	 2
325 	 2
326 	 0
327 	 1
328 	 2
329 	 5
330 	 2
331 	 3
332 	 4
333 	 2
334 	 1
335 	 2
336 	 4
337 	 1
338 	 2
339 	 3
340 	 5
341 	 0
342 	 3
343 	 3
344 	 5
345 	 3
346 	 6
347 	 1
348 	 4
349 	 4
350 	 2
351 	 3
352 	 5
353 	 1
354 	 0
355 	 3
356 	 3
357 	 3
358 	 4
359 	 1
360 	 2
361 	 3
362 	 3
363 	 1
364 	 3
365 	 2
366 	 4
367 	 2
368 	 0
369 	 3
370 	 1
371 	 1
372 	 7
373 	 1
374 	 0
375 	 4
376 	 6
377 	 3
378 	 4
379 	 3
380 	 1
381 	 0
382 	 1
383 	 1
384 	 3
385 	 2
386 	 3
387 	 3
388 	 1
389 	 2
390 	 6
391 	 5
392 	 3
393 	 2
394 	 2
395 	 2
396 	 1
397 	 3
398 	 5
399 	 2
400 	 3
401 	 2
402 	 3
403 	 1
404 	 0
405 	 2
406 	 3
407 	 0
408 	 0
409 	 1
410 	 1
411 	 4
412 	 2
413 	 3
414 	 1
415 	 1
416 	 1
417 	 3
418 	 1
419 	 2
420 	 0
421 	 1
422 	 1
423 	 1
424 	 0
425 	 0
426 	 0
427 	 2
428 	 0
429 	 5
430 	 3
431 	 3
432 	 3
433 	 4
434 	 4
435 	 1
436 	 0
437 	 1
438 	 2
439 	 4
440 	 2
441 	 3
442 	 5
443 	 2
444 	 0
445 	 3
446 	 2
447 	 2
448 	 2
449 	 1
450 	 2
451 	 1
452 	 2
453 	 0
454 	 3
455 	 1
456 	 1
457 	 3
458 	 1
459 	 1
460 	 2
461 	 3
462 	 2
463 	 1
464 	 3
465 	 3
466 	 3
467 	 2
468 	 1
469 	 0
470 	 1
471 	 1
472 	 1
473 	 1
474 	 1
475 	 2
476 	 1
477 	 2
478 	 2
479 	 0
480 	 2
481 	 2
482 	 1
483 	 0
484 	 2
485 	 2
486 	 0
487 	 1
488 	 4
489 	 0
490 	 0
491 	 0
492 	 1
493 	 0
494 	 0
495 	 1
496 	 0
497 	 0
498 	 1
499 	 2
500 	 0
501 	 2
502 	 0
503 	 1
504 	 0
505 	 0
506 	 1
507 	 0
508 	 2
509 	 2
510 	 0
511 	 3
512 	 1
513 	 2
514 	 1
515 	 0
516 	 0
517 	 0
518 	 2
519 	 0
520 	 5
521 	 1
522 	 1
523 	 1
524 	 0
525 	 0
526 	 3
527 	 1
528 	 0
529 	 1
530 	 1
531 	 0
532 	 0
533 	 0
534 	 1
535 	 0
536 	 1
537 	 0
538 	 0
539 	 0
540 	 2
541 	 0
542 	 0
543 	 3
544 	 1
545 	 2
546 	 0
547 	 1
548 	 1
549 	 1
550 	 1
551 	 1
552 	 3
553 	 1
554 	 1
555 	 0
556 	 1
557 	 1
558 	 2
559 	 0
560 	 1
561 	 2
562 	 2
563 	 2
564 	 0
565 	 3
566 	 1
567 	 0
568 	 3
569 	 8
570 	 5
571 	 2
572 	 3
573 	 5
574 	 1
575 	 2
576 	 3
577 	 4
578 	 2
579 	 4
580 	 1
581 	 2
582 	 0
583 	 4
584 	 2
585 	 3
586 	 1
587 	 2
588 	 1
589 	 3
590 	 0
591 	 2
592 	 3
593 	 2
594 	 2
595 	 4
596 	 0
597 	 2
598 	 2
599 	 3
600 	 0
601 	 0
602 	 0
603 	 3
604 	 0
605 	 0
606 	 0
607 	 0
608 	 0
609 	 1
610 	 1
611 	 2
612 	 1
613 	 2
614 	 0
615 	 2
616 	 0
617 	 0
618 	 0
619 	 0
620 	 0
621 	 0
622 	 0
623 	 1
624 	 0
625 	 1
626 	 1
627 	 0
628 	 0
629 	 0
630 	 0
631 	 0
632 	 0
633 	 1
634 	 0
635 	 2
636 	 1
637 	 0
638 	 0
639 	 0
640 	 0
641 	 0
642 	 1
643 	 0
644 	 1
645 	 0
646 	 0
647 	 1
648 	 1
649 	 1
650 	 0
651 	 1
652 	 0
653 	 0
654 	 1
655 	 0
656 	 0
657 	 0
658 	 0
659 	 2
660 	 0
661 	 0
662 	 0
663 	 0
664 	 0
665 	 0
666 	 0
667 	 0
668 	 1
669 	 1
670 	 0
671 	 1
672 	 0
673 	 2
674 	 1
675 	 0
676 	 0
677 	 0
678 	 1
679 	 2
680 	 1
681 	 0
682 	 0
683 	 0
684 	 0
685 	 0
686 	 2
687 	 1
688 	 1
689 	 0
690 	 0
691 	 0
692 	 0
693 	 0
694 	 1
695 	 1
696 	 0
697 	 1
698 	 1
699 	 0
700 	 0
701 	 0
702 	 0
703 	 0
704 	 1
705 	 0
706 	 1
707 	 0
708 	 0
709 	 0
710 	 1
711 	 0
712 	 0
713 	 1
714 	 1
715 	 0
716 	 0
717 	 1
718 	 0
719 	 0
720 	 0
721 	 1
722 	 1
723 	 0
724 	 0
725 	 0
726 	 0
727 	 0
728 	 0
729 	 0
730 	 0
731 	 0
732 	 0
733 	 1
734 	 2
735 	 0
736 	 0
737 	 0
738 	 0
739 	 1
740 	 1
741 	 1
742 	 0
743 	 1
744 	 1
745 	 0
746 	 1
747 	 0
748 	 0
749 	 0
750 	 0
751 	 0
752 	 0
753 	 1
754 	 0
755 	 0
756 	 0
757 	 0
758 	 1
759 	 1
760 	 0
761 	 0
762 	 0
763 	 0
764 	 1
765 	 0
766 	 0
767 	 0
768 	 0
769 	 0
770 	 0
771 	 0
772 	 1
773 	 0
774 	 0
775 	 0
776 	 0
777 	 0
778 	 0
779 	 0
780 	 0
781 	 0
782 	 0
783 	 0
784 	 0
785 	 1
786 	 0
787 	 0
788 	 1
789 	 0
790 	 0
791 	 0
792 	 0
793 	 0
794 	 0
795 	 0
796 	 0
797 	 0
798 	 0
799 	 0
800 	 0
801 	 0
802 	 0
803 	 1
804 	 0
805 	 2
806 	 0
807 	 0
808 	 0
809 	 0
810 	 1
811 	 0
812 	 0
813 	 0
814 	 0
815 	 0
816 	 0
817 	 0
818 	 0
819 	 0
820 	 1
821 	 0
822 	 2
823 	 0
824 	 0
825 	 0
826 	 0
827 	 0
828 	 0
829 	 0
830 	 0
831 	 0
832 	 1
833 	 2
834 	 2
835 	 0
836 	 0
837 	 0
838 	 0
839 	 0
840 	 0
841 	 1
842 	 0
843 	 0
844 	 0
845 	 0
846 	 0
847 	 0
848 	 0
849 	 2
850 	 0
851 	 0
852 	 0
853 	 2
854 	 1
855 	 1
856 	 0
857 	 2
858 	 0
859 	 0
860 	 0
861 	 0
862 	 0
863 	 0
864 	 0
865 	 0
866 	 0
867 	 0
868 	 0
869 	 0
870 	 0
871 	 0
872 	 0
873 	 0
874 	 0
875 	 0
876 	 0
877 	 0
878 	 0
879 	 0
880 	 0
881 	 0
882 	 0
883 	 0
884 	 0
885 	 1
886 	 0
887 	 0
888 	 0
889 	 0
890 	 0
891 	 1
892 	 0
893 	 0
894 	 0
895 	 1
896 	 0
897 	 0
898 	 0
899 	 0
900 	 0
901 	 0
902 	 0
903 	 1
904 	 0
905 	 1
906 	 1
907 	 0
908 	 0
909 	 0
910 	 0
911 	 0
912 	 0
913 	 0
914 	 0
915 	 1
916 	 0
917 	 0
918 	 0
919 	 0
920 	 0
921 	 0
922 	 0
923 	 1
924 	 0
925 	 1
926 	 0
927 	 0
928 	 0
929 	 0
930 	 0
931 	 0
932 	 0
933 	 0
934 	 0
935 	 0
936 	 1
937 	 0
938 	 0
939 	 0
940 	 0
941 	 0
942 	 0
943 	 0
944 	 0
945 	 0
946 	 0
947 	 0
948 	 0
949 	 0
950 	 0
951 	 0
952 	 0
953 	 0
954 	 1
955 	 0
956 	 1
957 	 0
958 	 1
959 	 0
960 	 0
961 	 1
962 	 0
963 	 0
964 	 0
965 	 1
966 	 0
967 	 0
968 	 1
969 	 0
970 	 0
971 	 0
972 	 0
973 	 0
974 	 0
975 	 1
976 	 0
977 	 0
978 	 0
979 	 1
980 	 0
981 	 0
982 	 0
983 	 0
984 	 0
985 	 0
986 	 2
987 	 0
988 	 0
989 	 0
990 	 0
991 	 0
992 	 0
993 	 0
994 	 0
995 	 0
996 	 0
997 	 0
998 	 0
999 	 0
1000 	 0
1001 	 1
1002 	 0
1003 	 0
1004 	 1
1005 	 0
1006 	 0
1007 	 0
1008 	 0
1009 	 0
1010 	 0
1011 	 1
1012 	 0
1013 	 0
1014 	 0
1015 	 0
1016 	 1
1017 	 0
1018 	 0
1019 	 2
1020 	 0
1021 	 0
1022 	 0
1023 	 0


# Energy calibration zero intercept, 0.0 for uncalibrated spectrum: 0.00000
# Energy calibration slope, 1.0 for uncalibrated spectrum: 0.00000
# Energy calibration quadratic term, 0.0 for uncalibrated spectrum: 0.00000
# Peak shape calibration zero intercept, 1.0 for uncalibrated spectrum: 1.00000
# Peak shape calibration slope, 0.0 for uncalibrated spectrum: 0.00000
# Peak shape calibration quadratic term, 0.0 for uncalibrated spectrum: 0.00000
# Detector description: 
# Sample description: 
