SpectrumName : Wuerfel_4_Proj_06.SPC
XUnit        : 
YUnit        : 
Length       : 1024
SubSpcNum    : 1
StartSubSpc  : 0
StopSubSpc   : 0
Comment      : 
Realtime     : 300.000
Livetime     : 299.440
Deadtime     : 0.560
FastChannel  : 49194
Starttime    : 25.01.2016 14:28:40
Stoptime     : 25.01.2016 14:33:41
CalibCoeff   : a=0.000000000E+000 b=0.000000000E+000 c=0.000000000E+000 d=0.000000000E+000
SpectrumText : 0 
0,0,0,0,0,0,0,0
5,9,27,73,64,73,94,79
96,98,96,83,103,82,79,106
118,116,119,99,121,111,107,118
111,110,116,93,125,122,116,116
119,125,124,145,128,151,143,145
144,143,163,145,170,164,172,161
168,145,169,160,182,165,179,164
152,145,171,158,181,152,161,152
173,137,152,169,150,157,154,145
156,144,145,193,147,163,183,164
156,146,173,151,147,141,120,150
152,114,164,143,159,153,156,164
157,134,127,151,124,150,176,113
113,114,127,130,110,121,145,147
146,119,141,142,112,151,129,124
138,135,129,128,143,122,129,129
136,125,115,128,132,143,121,114
137,121,125,117,116,144,124,133
117,131,131,147,139,125,111,113
127,134,134,147,147,126,121,113
144,136,114,131,103,118,135,137
123,136,138,100,110,123,122,119
110,109,111,107,96,101,107,71
81,88,84,63,67,63,58,43
62,58,52,61,64,48,44,50
40,44,51,44,55,45,42,47
45,36,57,46,46,51,33,40
51,43,40,43,48,44,50,47
46,45,28,43,55,51,46,40
56,64,41,60,61,69,90,86
101,82,116,156,178,227,256,265
326,394,435,469,567,621,701,760
773,795,903,861,963,981,895,904
925,881,813,760,738,645,634,456
438,379,315,235,196,179,135,112
70,72,43,32,28,20,13,13
10,8,8,5,2,6,4,3
2,4,3,6,4,5,4,3
3,6,2,2,4,1,6,4
6,5,2,5,0,3,1,1
5,0,0,6,2,2,3,2
5,1,3,0,3,3,3,1
5,0,3,1,1,4,4,5
5,1,6,1,1,5,4,1
0,4,1,1,5,1,5,2
0,6,1,1,2,6,0,4
1,3,4,3,2,1,2,1
1,1,4,3,2,2,5,1
2,2,4,1,1,3,3,1
3,1,4,1,5,2,8,1
1,4,0,3,3,2,2,4
2,6,3,2,2,2,3,1
1,2,1,3,2,1,3,5
2,3,2,1,2,5,1,2
4,0,2,5,1,2,1,4
3,1,0,1,1,1,2,2
1,5,2,1,4,1,2,2
2,1,4,2,0,1,1,3
2,0,2,2,2,0,1,3
1,1,3,1,0,2,0,5
2,1,1,3,0,0,3,1
0,0,1,1,4,2,3,1
0,1,1,0,2,2,3,1
0,1,0,2,0,2,1,0
3,0,1,1,1,2,0,1
3,0,0,0,1,0,2,1
3,3,1,1,2,1,0,1
5,0,2,0,1,4,0,2
0,2,2,3,0,2,1,2
1,1,6,2,2,2,1,1
1,3,2,3,4,2,2,1
2,5,1,0,2,3,3,0
3,2,2,2,2,2,3,3
1,1,3,1,1,2,2,1
1,1,0,1,1,4,0,1
0,0,0,0,0,0,0,2
0,1,0,1,0,0,0,0
0,0,2,1,0,0,1,0
1,1,1,0,1,1,1,0
0,0,1,1,0,1,0,1
1,0,0,3,0,0,1,0
1,0,0,0,0,0,1,2
0,1,0,1,0,0,1,1
0,0,1,0,0,1,0,1
2,1,2,0,1,1,0,1
0,0,0,0,1,0,0,2
0,1,0,0,1,0,0,0
0,1,0,0,0,0,0,0
0,0,0,1,1,0,1,0
1,0,0,0,0,1,0,1
2,1,1,0,0,0,1,0
0,0,0,0,0,1,0,0
0,0,0,0,0,2,0,0
1,0,0,0,0,0,0,0
1,0,0,0,0,0,0,0
0,1,0,0,0,0,1,0
1,1,0,0,0,0,0,0
0,0,0,0,0,0,0,0
0,0,1,0,0,0,1,0
0,0,0,0,0,0,0,0
0,0,0,0,0,0,0,0
2,0,0,0,0,0,0,0
1,0,0,0,0,0,0,0
0,0,0,0,0,0,1,0
0,1,0,1,0,0,0,0
0,0,0,0,1,0,0,1
0,0,0,1,0,0,2,0
0,0,0,0,0,0,1,1
0,0,0,0,0,0,2,0
0,0,0,1,0,0,1,0
0,0,0,0,0,0,0,0
0,0,0,0,0,0,0,0
0,0,0,0,0,0,0,0
0,0,0,0,0,0,0,0
0,0,0,0,0,0,0,0
0,0,0,0,0,0,0,0
0,2,0,0,0,0,0,0
0,0,0,0,1,0,1,0
0,0,0,0,0,0,0,0
0,0,0,0,0,0,0,0
0,0,1,0,0,0,0,0
0,0,0,0,0,0,0,0
0,0,0,1,0,0,0,0
0,1,0,0,1,0,0,1
0,0,0,0,0,0,0,0
0,0,1,0,0,0,0,0
1,0,0,0,0,0,0,0
