SpectrumName : Wuerfel_4_Proj_09.SPC
XUnit        : 
YUnit        : 
Length       : 1024
SubSpcNum    : 1
StartSubSpc  : 0
StopSubSpc   : 0
Comment      : 
Realtime     : 300.000
Livetime     : 299.310
Deadtime     : 0.690
FastChannel  : 44016
Starttime    : 25.01.2016 14:46:25
Stoptime     : 25.01.2016 14:51:25
CalibCoeff   : a=0.000000000E+000 b=0.000000000E+000 c=0.000000000E+000 d=0.000000000E+000
SpectrumText : 0 
0,0,0,0,0,0,0,0
3,10,30,59,55,74,80,73
87,86,102,77,101,83,87,108
88,108,103,77,105,98,93,96
102,104,113,92,119,101,120,118
132,119,111,153,149,139,132,134
138,148,133,138,145,144,136,134
158,141,154,139,170,116,140,160
136,140,150,157,144,150,137,154
152,173,147,166,135,167,152,155
141,157,144,133,131,153,141,130
153,121,139,128,132,134,144,141
148,119,129,137,144,129,132,142
131,135,111,133,132,113,122,125
111,110,119,110,109,111,131,121
131,121,125,129,118,114,112,123
126,98,117,114,117,106,115,109
108,122,124,135,119,97,110,94
128,112,130,130,116,105,105,106
108,113,102,94,105,101,112,104
108,101,110,96,120,91,123,119
103,114,109,105,127,129,128,123
112,129,133,105,109,112,96,105
104,93,97,93,88,115,60,82
88,78,75,48,71,64,54,51
64,54,55,55,56,38,47,43
39,42,46,33,34,40,34,37
32,49,29,46,38,37,46,32
38,42,31,31,45,38,35,55
38,45,33,37,40,52,43,45
44,47,61,46,63,58,79,82
95,90,121,153,154,178,233,261
310,363,380,441,488,562,622,657
664,741,761,793,848,857,795,855
761,791,715,659,616,541,493,444
366,304,249,244,176,116,106,90
57,55,38,28,15,14,11,8
3,9,6,5,9,2,4,3
1,3,5,2,8,4,3,3
3,2,6,3,2,5,2,1
3,7,5,0,3,3,3,0
5,3,3,1,2,2,1,3
3,4,5,2,5,1,2,2
5,1,1,2,5,1,5,2
1,2,2,2,5,4,2,5
1,2,2,5,5,3,3,2
1,4,2,2,3,2,3,4
2,3,4,3,5,3,1,8
3,1,2,3,2,5,5,4
1,2,0,1,0,2,3,4
1,0,4,2,2,0,1,3
0,1,1,5,1,3,0,3
7,3,3,0,1,3,2,2
1,1,2,2,1,0,4,2
1,3,1,5,2,1,3,0
4,3,2,2,1,3,2,2
2,2,2,2,4,2,2,2
1,1,1,2,2,2,1,1
2,3,2,3,1,3,4,2
1,1,1,3,0,2,5,0
2,1,1,2,0,3,1,0
1,0,0,1,1,1,1,1
1,1,0,1,0,2,0,2
1,3,1,3,1,4,3,1
0,1,2,1,1,0,1,1
1,2,3,2,0,1,2,1
0,2,0,2,0,1,0,0
1,1,0,0,1,2,1,0
5,3,2,1,2,0,1,2
1,3,0,1,0,3,5,1
1,0,1,1,2,0,3,4
1,2,3,0,1,2,2,2
3,1,3,2,1,1,3,3
4,1,0,2,2,2,2,2
0,1,4,0,0,1,0,2
1,1,1,0,1,1,0,2
1,0,0,0,1,0,0,0
0,0,1,1,0,1,1,1
1,0,1,1,1,1,0,2
1,0,2,1,0,2,0,1
0,1,0,1,0,0,0,0
0,0,1,0,0,0,0,0
0,0,0,0,0,0,1,0
1,0,0,0,0,1,0,1
1,0,0,1,0,0,0,0
1,0,0,0,0,0,0,0
1,1,0,1,0,0,0,0
1,2,0,0,1,0,0,0
0,1,0,0,0,0,0,0
1,0,1,0,1,1,1,0
0,0,0,0,0,0,0,0
1,0,0,1,0,0,0,1
0,0,0,0,0,1,0,0
0,0,0,0,0,0,0,0
0,0,0,2,0,0,0,0
1,0,0,0,0,0,0,0
1,0,0,0,0,0,0,0
0,0,0,0,0,0,0,0
1,0,1,0,0,0,0,1
1,0,0,0,0,0,0,0
0,0,0,0,0,1,0,0
1,0,1,0,0,0,0,0
0,0,0,0,0,0,0,0
0,1,0,0,0,1,0,1
0,0,0,0,0,0,1,0
0,0,0,0,0,0,0,0
0,1,0,0,1,0,0,2
0,0,0,0,1,1,0,0
1,0,0,0,0,0,0,0
1,0,0,0,0,1,1,0
1,0,0,0,0,0,0,0
0,0,0,0,0,0,0,2
1,0,0,0,0,0,0,1
0,0,2,0,0,1,0,0
1,0,2,0,0,0,0,0
0,0,0,1,0,0,0,0
0,0,0,0,0,0,1,0
0,0,0,0,0,0,0,0
0,0,0,1,0,0,0,0
0,0,1,0,0,0,0,0
0,1,0,0,0,0,0,0
0,0,0,0,0,0,0,0
0,0,0,0,0,0,0,0
0,0,0,0,0,0,0,0
0,0,1,0,0,0,0,0
0,0,0,0,0,0,0,0
0,0,1,1,0,0,0,0
0,1,0,1,0,0,1,0
