SpectrumName : Wuerfel_2_Proj_5.SPC
XUnit        : 
YUnit        : 
Length       : 1024
SubSpcNum    : 1
StartSubSpc  : 0
StopSubSpc   : 0
Comment      : 
Realtime     : 300.000
Livetime     : 297.790
Deadtime     : 2.210
FastChannel  : 8120
Starttime    : 03.04.2000 23:55:10
Stoptime     : 04.04.2000 00:00:10
CalibCoeff   : a=0.000000000E+000 b=0.000000000E+000 c=0.000000000E+000 d=0.000000000E+000
SpectrumText : 0 
0,0,0,0,0,0,0,0
0,2,4,7,10,4,12,19
10,16,23,13,20,5,19,19
15,11,18,18,19,18,23,19
19,26,25,38,33,24,26,35
30,27,49,47,47,38,47,46
42,58,45,57,50,48,57,56
45,59,70,47,56,52,41,56
51,52,44,53,60,43,54,48
39,55,45,39,55,45,46,40
41,43,54,71,34,37,51,46
41,40,43,47,37,33,47,47
51,40,45,41,39,34,38,44
40,39,34,26,35,27,28,30
27,32,21,30,26,30,24,28
15,20,30,22,17,23,29,17
36,28,25,17,21,26,32,24
20,26,23,21,28,25,20,26
22,24,13,26,12,23,24,13
21,15,24,21,15,19,12,13
11,25,15,21,15,18,16,13
14,15,19,14,13,15,18,11
13,18,16,16,18,19,11,8
16,8,17,15,15,9,14,15
18,14,13,11,12,12,9,14
10,11,4,7,13,10,13,10
11,9,8,10,14,7,7,6
8,7,7,11,5,4,11,12
10,8,6,14,4,11,10,11
11,7,9,18,11,5,9,8
8,7,11,14,6,8,13,12
13,7,12,13,23,16,27,24
27,26,31,29,37,41,35,39
41,44,47,56,35,51,32,45
26,41,36,32,27,24,25,15
21,23,18,9,9,11,6,8
6,7,5,5,8,9,6,6
8,1,3,4,6,1,2,5
3,2,2,4,2,3,4,2
2,7,1,0,5,5,4,4
3,1,0,2,2,2,0,1
2,5,2,3,4,2,1,2
4,1,2,3,5,0,3,3
5,3,6,1,4,4,2,3
5,1,0,3,3,3,4,1
2,3,3,1,3,2,4,2
0,3,1,1,7,1,0,4
6,3,4,3,1,0,1,1
3,2,3,3,1,2,6,5
3,2,2,2,1,3,5,2
3,2,3,1,0,2,3,0
0,1,1,4,2,3,1,1
1,3,1,2,0,1,1,1
0,0,0,2,0,5,3,3
3,4,4,1,0,1,2,4
2,3,5,2,0,3,2,2
2,1,2,1,2,0,3,1
1,3,1,1,2,3,2,1
3,3,3,2,1,0,1,1
1,1,1,2,1,2,2,0
2,2,1,0,2,2,0,1
4,0,0,0,1,0,0,1
0,0,1,2,0,2,0,1
0,0,1,0,2,2,0,3
1,2,1,0,0,0,2,0
5,1,1,1,0,0,3,1
0,1,1,0,0,0,1,0
1,0,0,0,2,0,0,3
1,2,0,1,1,1,1,1
3,1,1,0,1,1,2,0
1,2,2,2,0,3,1,0
3,8,5,2,3,5,1,2
3,4,2,4,1,2,0,4
2,3,1,2,1,3,0,2
3,2,2,4,0,2,2,3
0,0,0,3,0,0,0,0
0,1,1,2,1,2,0,2
0,0,0,0,0,0,0,1
0,1,1,0,0,0,0,0
0,1,0,2,1,0,0,0
0,0,1,0,1,0,0,1
1,1,0,1,0,0,1,0
0,0,0,2,0,0,0,0
0,0,0,0,1,1,0,1
0,2,1,0,0,0,1,2
1,0,0,0,0,0,2,1
1,0,0,0,0,0,1,1
0,1,1,0,0,0,0,0
1,0,1,0,0,0,1,0
0,1,1,0,0,1,0,0
0,1,1,0,0,0,0,0
0,0,0,0,0,1,2,0
0,0,0,1,1,1,0,1
1,0,1,0,0,0,0,0
0,1,0,0,0,0,1,1
0,0,0,0,1,0,0,0
0,0,0,0,1,0,0,0
0,0,0,0,0,0,0,0
0,1,0,0,1,0,0,0
0,0,0,0,0,0,0,0
0,0,0,1,0,2,0,0
0,0,1,0,0,0,0,0
0,0,0,0,1,0,2,0
0,0,0,0,0,0,0,0
1,2,2,0,0,0,0,0
0,1,0,0,0,0,0,0
0,2,0,0,0,2,1,1
0,2,0,0,0,0,0,0
0,0,0,0,0,0,0,0
0,0,0,0,0,0,0,0
0,0,0,0,0,1,0,0
0,0,0,1,0,0,0,1
0,0,0,0,0,0,0,1
0,1,1,0,0,0,0,0
0,0,0,1,0,0,0,0
0,0,0,1,0,1,0,0
0,0,0,0,0,0,0,0
1,0,0,0,0,0,0,0
0,0,0,0,0,0,0,0
0,0,1,0,1,0,1,0
0,1,0,0,0,1,0,0
1,0,0,0,0,0,0,1
0,0,0,1,0,0,0,0
0,0,2,0,0,0,0,0
0,0,0,0,0,0,0,0
0,1,0,0,1,0,0,0
0,0,0,1,0,0,0,0
1,0,0,2,0,0,0,0
