SpectrumName : Wuerfel_2_Proj_7.SPC
XUnit        : 
YUnit        : 
Length       : 1024
SubSpcNum    : 1
StartSubSpc  : 0
StopSubSpc   : 0
Comment      : 
Realtime     : 300.000
Livetime     : 298.110
Deadtime     : 1.890
FastChannel  : 10632
Starttime    : 25.01.2016 13:41:30
Stoptime     : 25.01.2016 13:46:31
CalibCoeff   : a=0.000000000E+000 b=0.000000000E+000 c=0.000000000E+000 d=0.000000000E+000
SpectrumText : 0 
0,0,0,0,0,0,0,0
1,1,4,12,7,15,13,22
14,18,29,20,27,25,22,22
21,24,21,19,25,26,23,35
24,31,31,32,26,30,47,36
42,33,38,37,45,36,52,55
53,62,60,58,55,52,59,66
42,59,57,74,63,53,65,54
60,68,49,41,76,60,45,68
70,51,68,58,60,57,60,66
45,52,48,60,62,52,42,41
44,51,41,37,39,52,48,63
45,33,42,49,31,50,37,44
51,44,52,34,37,43,35,37
39,34,40,26,32,32,28,33
31,36,42,35,22,22,26,34
31,40,24,31,36,32,30,31
29,33,22,23,26,18,33,24
27,22,32,30,22,26,25,23
24,27,24,28,29,26,21,22
22,26,26,26,27,24,18,23
21,13,21,27,18,25,28,14
18,18,19,24,26,25,15,22
14,26,17,21,21,20,9,17
12,15,15,16,19,14,18,11
16,12,12,11,15,11,15,14
8,8,6,15,18,12,10,14
12,6,9,11,16,12,9,13
9,7,7,5,12,6,14,10
7,9,6,13,9,7,22,11
9,16,14,11,9,20,18,16
18,18,24,22,33,30,35,52
38,42,48,61,79,88,80,88
77,108,100,103,105,123,101,94
88,78,85,69,74,55,56,50
35,28,31,19,24,18,14,14
9,10,8,5,6,3,2,3
2,9,3,2,3,1,2,3
3,10,3,2,0,2,2,4
1,4,3,4,2,4,1,5
1,4,1,7,1,4,1,2
1,6,4,1,1,4,4,3
3,1,4,3,4,5,4,3
5,1,5,2,4,3,5,1
4,4,2,4,2,4,2,0
1,6,2,4,4,4,3,5
3,6,3,4,6,4,4,3
4,3,6,2,5,2,2,1
3,7,2,4,3,3,3,0
3,4,2,4,1,1,7,1
3,1,4,3,3,1,0,1
0,7,3,1,1,7,3,3
2,3,1,1,0,3,2,1
3,3,3,4,2,2,4,3
2,1,3,1,1,1,1,2
1,4,2,4,1,1,3,1
2,2,3,2,2,1,2,2
2,1,3,0,1,3,2,1
0,2,2,0,2,2,1,1
0,3,2,0,1,3,0,4
2,1,0,2,2,1,3,1
1,2,1,2,2,0,2,1
0,1,4,2,1,1,1,2
0,2,0,0,3,2,2,0
0,2,2,1,1,2,1,0
1,1,1,2,0,0,1,0
1,0,0,0,2,0,0,1
0,1,3,2,1,0,1,1
2,2,0,1,2,2,1,1
0,0,1,0,2,2,2,3
2,1,1,1,2,3,1,3
4,2,1,1,5,2,4,0
4,3,3,2,2,3,3,6
2,2,4,4,4,0,1,1
1,3,1,0,0,1,0,0
3,0,2,0,1,1,2,1
0,0,0,0,0,1,0,0
0,1,1,1,2,0,0,1
2,1,0,0,1,0,0,0
1,0,0,0,0,1,1,1
0,0,1,0,1,0,1,0
0,0,0,1,0,0,1,2
0,0,1,0,0,0,0,1
1,2,1,0,1,0,0,0
0,1,1,1,0,0,0,0
0,0,1,1,1,0,1,1
1,1,0,1,0,1,0,0
1,0,1,1,1,1,0,0
0,1,1,0,0,0,0,0
0,1,0,0,1,0,0,0
0,0,1,0,2,0,0,0
0,0,0,0,0,0,0,1
1,0,0,0,0,1,0,0
1,0,0,0,0,0,0,0
0,0,1,1,0,0,2,0
0,0,0,0,0,0,0,0
0,0,0,0,0,1,0,0
0,0,0,1,0,1,0,0
0,0,0,0,0,0,0,0
2,0,1,0,1,0,0,0
0,0,0,0,0,0,1,1
0,0,0,0,0,1,2,0
0,2,1,0,0,1,0,0
0,0,0,0,0,0,0,0
0,0,0,0,0,1,0,0
0,0,1,0,0,1,0,0
0,0,1,0,1,0,0,0
0,0,0,1,0,0,0,1
1,0,0,1,0,0,1,0
0,0,2,0,0,1,2,0
1,0,0,0,0,0,0,0
0,0,0,0,0,0,0,0
0,0,0,0,0,0,0,1
0,0,0,0,0,0,0,0
0,2,0,0,0,0,1,0
0,0,0,0,0,0,2,0
2,0,0,0,0,0,0,0
1,0,0,0,1,0,0,0
0,0,0,0,0,0,0,0
0,0,0,0,0,0,0,0
0,0,0,0,1,0,0,0
0,0,0,0,0,0,0,0
0,0,0,0,0,0,1,0
0,0,0,0,0,0,0,1
0,1,0,0,0,0,0,0
0,2,0,0,1,0,1,0
0,1,0,1,0,0,0,0
0,0,0,0,1,0,0,0
