SpectrumName : Wuerfel_2_Proj_1.SPC
XUnit        : 
YUnit        : 
Length       : 1024
SubSpcNum    : 1
StartSubSpc  : 0
StopSubSpc   : 0
Comment      : 
Realtime     : 300.000
Livetime     : 298.130
Deadtime     : 1.870
FastChannel  : 8290
Starttime    : 03.04.2000 23:32:54
Stoptime     : 03.04.2000 23:37:54
CalibCoeff   : a=0.000000000E+000 b=0.000000000E+000 c=0.000000000E+000 d=0.000000000E+000
SpectrumText : 0 
0,0,0,0,0,0,0,0
1,0,7,8,14,5,6,17
10,21,22,20,18,23,18,11
20,24,22,27,16,14,28,27
18,24,26,29,27,37,34,35
22,29,38,39,28,54,36,48
34,50,50,46,53,61,44,59
52,45,62,52,46,59,51,55
56,58,43,61,52,54,60,45
50,53,45,60,50,45,47,45
43,42,56,49,34,38,46,37
43,44,28,48,31,46,42,40
33,41,36,52,37,43,42,25
25,26,44,34,47,32,42,25
34,33,32,27,32,25,31,27
26,25,28,24,23,20,33,27
20,24,39,33,27,26,23,23
23,32,20,28,29,24,19,24
17,17,21,21,21,15,26,16
20,16,12,13,17,15,18,19
10,14,15,12,18,11,16,13
20,13,19,13,18,21,17,24
14,15,14,6,10,16,16,19
19,18,14,17,7,13,19,9
25,17,9,11,14,14,11,11
7,9,8,12,7,8,11,17
11,3,9,16,10,8,11,12
7,11,7,8,3,6,9,4
7,7,11,8,8,10,5,9
12,12,5,6,4,8,5,12
16,11,13,11,5,10,11,17
12,8,13,14,17,13,15,30
31,22,26,40,34,28,42,35
51,73,41,44,50,59,50,48
39,40,54,38,27,23,23,22
20,12,15,10,6,9,9,4
8,7,7,2,6,4,2,5
2,8,3,6,3,6,4,2
4,3,4,2,6,4,4,4
3,1,3,5,4,5,5,2
7,1,5,5,6,1,3,3
2,5,3,3,3,2,0,3
4,1,2,2,3,0,2,0
2,3,3,1,5,0,1,1
3,2,4,2,4,1,4,3
3,1,3,2,3,6,1,2
2,1,0,1,3,3,3,4
3,2,1,2,0,2,4,1
4,3,3,3,2,1,3,1
3,4,2,1,1,4,1,1
3,3,4,2,3,1,0,5
0,3,4,5,1,3,2,5
1,1,2,1,0,5,3,1
4,5,3,2,1,2,2,3
2,4,1,2,1,4,1,2
3,2,2,0,1,1,1,2
0,1,5,1,2,4,2,1
0,1,1,3,0,2,6,2
3,2,1,3,1,3,3,0
1,0,2,0,0,1,2,2
5,2,3,3,1,1,1,4
1,1,1,0,1,3,4,0
2,0,1,1,3,0,1,0
3,3,1,0,5,3,0,0
1,2,1,1,3,0,0,1
0,0,2,0,0,0,0,2
0,2,1,1,0,1,2,0
0,2,1,0,2,0,0,2
0,1,1,0,0,2,1,2
0,1,1,1,0,2,0,5
0,2,0,2,6,3,2,3
1,0,5,1,3,4,2,2
3,0,2,2,3,2,3,2
3,1,2,1,3,1,1,0
3,4,3,0,2,2,0,1
0,3,1,0,0,1,0,1
0,0,0,0,0,0,1,0
1,0,0,0,1,0,0,1
0,0,0,2,1,1,0,1
0,0,1,0,1,0,0,0
0,1,0,0,0,0,0,0
1,1,0,1,0,1,2,1
0,0,0,1,1,1,0,0
1,0,2,0,0,0,0,0
3,0,0,1,2,0,0,1
2,1,1,0,0,0,0,0
0,0,0,1,0,0,0,1
0,0,0,0,0,0,0,0
1,1,2,0,0,0,1,0
0,1,0,0,0,0,2,0
0,0,0,0,0,2,0,0
0,0,0,0,0,0,0,0
1,0,1,0,0,0,0,0
0,0,0,0,0,0,0,0
0,0,0,1,0,0,0,0
0,0,0,0,1,0,0,0
1,0,0,0,0,0,0,0
0,0,1,0,0,0,0,0
0,1,0,0,0,1,1,0
1,0,0,0,0,0,0,0
1,0,0,0,0,0,0,1
0,1,0,0,0,0,0,0
0,0,0,0,0,0,1,0
0,0,1,1,0,1,1,0
0,1,0,0,0,0,0,0
1,1,0,0,0,0,0,0
0,0,1,0,0,1,1,0
0,0,0,2,0,0,0,0
0,0,0,0,0,0,0,0
0,0,0,1,0,1,1,4
0,0,0,0,0,1,0,0
0,0,0,0,0,0,0,0
0,0,0,0,0,0,0,0
1,0,0,1,0,1,0,0
1,1,0,0,0,1,1,1
0,0,0,0,0,0,1,0
0,0,0,0,0,0,1,0
0,0,0,0,0,1,0,0
0,1,0,0,1,0,0,0
0,0,0,1,0,0,0,0
0,1,0,0,0,1,0,0
0,0,1,1,1,0,0,0
0,0,0,0,1,1,0,0
0,0,0,0,1,0,0,0
0,0,0,0,0,0,0,0
1,1,0,0,1,0,0,0
0,0,2,1,0,0,0,0
0,0,0,0,0,0,0,0
