SpectrumName : Wuerfel_1_Proj_6.SPC
XUnit        : 
YUnit        : 
Length       : 1024
SubSpcNum    : 1
StartSubSpc  : 0
StopSubSpc   : 0
Comment      : 
Realtime     : 300.000
Livetime     : 299.370
Deadtime     : 0.630
FastChannel  : 31334
Starttime    : 03.04.2000 21:26:17
Stoptime     : 03.04.2000 21:31:18
CalibCoeff   : a=0.000000000E+000 b=0.000000000E+000 c=0.000000000E+000 d=0.000000000E+000
SpectrumText : 0 
0,0,0,0,0,0,0,0
2,8,13,38,44,45,52,46
68,64,53,62,71,53,60,50
76,54,54,54,67,69,49,68
70,89,85,84,93,68,79,104
107,88,91,92,88,105,112,126
120,116,125,104,114,106,104,127
126,110,125,109,104,123,116,109
126,116,113,111,129,120,125,111
124,114,117,102,128,124,130,119
121,136,119,137,101,120,115,127
116,107,92,98,122,113,100,115
109,107,106,95,123,95,105,100
100,97,101,88,91,86,88,83
89,78,92,82,90,90,79,80
98,96,92,77,89,93,85,92
82,87,87,83,79,83,84,71
82,83,96,75,96,81,83,97
86,85,77,79,95,87,85,69
74,76,76,87,71,80,71,82
89,84,84,84,80,86,76,80
78,92,70,76,79,95,83,75
84,89,73,75,74,62,80,81
74,77,76,60,53,65,60,64
44,49,54,31,53,40,47,46
53,41,27,33,37,29,41,30
39,35,33,35,37,32,27,39
35,29,32,25,31,28,34,34
29,36,27,28,31,36,35,28
42,46,27,39,31,41,49,28
25,38,33,50,47,45,51,60
87,64,87,89,143,153,156,205
219,264,276,296,365,366,428,439
506,484,545,521,534,521,522,505
484,477,449,374,352,322,254,234
185,175,124,123,102,64,63,45
34,33,18,16,16,9,9,8
4,4,3,5,4,0,3,2
3,2,3,2,6,5,1,3
1,2,3,2,4,2,5,2
3,4,2,3,1,4,1,2
2,0,4,2,2,3,9,1
4,1,3,1,4,5,0,1
4,2,3,2,4,3,1,4
3,1,3,5,6,5,2,1
6,3,1,0,2,4,5,2
1,2,4,3,3,2,10,3
3,2,2,4,4,2,3,1
1,4,7,3,1,2,2,4
4,2,0,2,2,1,2,1
2,2,0,1,0,3,1,1
4,1,1,2,3,0,2,0
2,1,5,1,2,1,3,1
4,3,2,1,1,3,2,2
1,1,6,3,1,1,2,2
1,1,1,1,2,1,1,0
1,1,1,1,1,1,0,2
0,3,2,0,1,0,1,1
1,2,1,3,4,2,0,3
2,1,0,0,2,0,1,3
1,2,1,1,3,1,1,0
1,1,0,2,2,4,1,3
4,1,0,0,1,2,0,3
0,1,3,0,0,0,2,1
0,0,2,1,2,0,0,4
0,2,1,1,1,3,1,1
1,4,1,0,0,2,1,1
3,2,0,1,1,1,0,2
1,0,0,1,1,1,2,0
2,1,4,2,1,0,0,0
2,1,7,2,1,2,1,1
3,1,4,3,2,2,4,0
3,4,2,5,3,3,3,0
2,1,2,3,5,1,3,1
0,3,2,1,0,1,0,2
0,0,0,1,0,0,0,0
1,0,1,0,0,1,1,0
0,0,0,0,1,0,0,1
2,1,1,3,1,0,1,0
2,1,0,1,1,0,0,0
0,0,0,0,0,0,0,0
1,0,2,0,0,0,0,0
1,1,0,0,0,0,0,0
1,1,0,0,0,1,0,1
0,0,1,1,0,1,0,0
0,1,1,1,0,1,0,1
0,0,0,0,0,0,0,0
0,1,0,1,0,0,0,0
1,0,0,1,0,1,1,0
0,0,0,0,0,0,0,0
1,1,0,0,2,0,2,0
1,0,0,0,0,0,0,1
1,0,0,1,1,0,0,0
0,0,0,1,0,0,0,0
0,0,1,0,0,0,1,0
0,0,0,0,1,0,0,0
0,1,1,0,0,0,0,0
0,0,0,0,0,1,0,0
0,0,0,1,0,1,1,1
1,1,0,0,0,0,0,0
0,1,0,0,0,0,0,1
0,0,1,1,0,1,0,0
0,1,1,0,1,1,0,0
0,0,1,0,0,0,1,1
0,0,0,1,0,0,0,0
0,1,1,0,1,0,0,1
1,1,0,1,0,0,0,1
0,0,1,0,0,0,0,1
0,0,0,0,0,1,0,0
0,0,0,0,1,0,0,0
0,0,0,0,0,0,0,0
0,0,1,0,0,0,0,0
1,0,0,1,0,0,1,0
1,0,0,0,0,0,0,0
0,0,0,0,0,0,0,0
0,0,0,0,0,0,1,0
0,0,1,0,0,0,0,0
0,1,0,0,0,0,0,0
1,0,1,0,0,0,0,1
0,0,0,0,0,0,0,0
0,0,0,0,0,0,0,0
0,0,0,0,2,0,1,0
0,0,0,0,0,0,0,0
0,0,0,0,0,0,0,0
0,0,1,0,1,0,1,0
0,0,0,0,0,0,0,0
0,0,1,1,0,0,0,0
0,0,0,0,0,0,0,0
