# Converted file from inputfile Wuerfel_1_Proj_8.CHN
# MCA number or Detector number: 1
# Segment number (set to 1 in UMCBI): 1
# ASCII seconds of start time: 13104
# Real Time (s): 300.000
# Live Time (s) : 299.500
# Start Date (DDMMMYY): 03APR00
# Start time (HHMM): 2135
# Channel offset of data: 0
# Number of channels (length of data): 1024

# Data: 

0 	 0
1 	 0
2 	 1
3 	 0
4 	 0
5 	 0
6 	 0
7 	 0
8 	 2
9 	 4
10 	 11
11 	 27
12 	 44
13 	 38
14 	 50
15 	 66
16 	 60
17 	 57
18 	 64
19 	 56
20 	 59
21 	 66
22 	 63
23 	 68
24 	 50
25 	 58
26 	 72
27 	 70
28 	 55
29 	 69
30 	 59
31 	 87
32 	 77
33 	 73
34 	 80
35 	 75
36 	 77
37 	 75
38 	 83
39 	 85
40 	 89
41 	 66
42 	 77
43 	 80
44 	 99
45 	 90
46 	 97
47 	 94
48 	 91
49 	 92
50 	 101
51 	 112
52 	 100
53 	 105
54 	 107
55 	 112
56 	 95
57 	 107
58 	 113
59 	 110
60 	 114
61 	 105
62 	 113
63 	 114
64 	 105
65 	 103
66 	 120
67 	 90
68 	 99
69 	 121
70 	 115
71 	 140
72 	 107
73 	 106
74 	 110
75 	 124
76 	 110
77 	 110
78 	 122
79 	 116
80 	 94
81 	 114
82 	 91
83 	 104
84 	 102
85 	 132
86 	 114
87 	 96
88 	 85
89 	 113
90 	 82
91 	 127
92 	 97
93 	 98
94 	 103
95 	 88
96 	 108
97 	 105
98 	 80
99 	 93
100 	 86
101 	 100
102 	 105
103 	 95
104 	 87
105 	 88
106 	 95
107 	 84
108 	 77
109 	 87
110 	 108
111 	 94
112 	 81
113 	 91
114 	 71
115 	 99
116 	 89
117 	 85
118 	 82
119 	 87
120 	 94
121 	 75
122 	 93
123 	 91
124 	 83
125 	 85
126 	 87
127 	 83
128 	 85
129 	 80
130 	 80
131 	 87
132 	 64
133 	 72
134 	 77
135 	 64
136 	 69
137 	 70
138 	 100
139 	 75
140 	 73
141 	 83
142 	 81
143 	 89
144 	 84
145 	 62
146 	 80
147 	 86
148 	 76
149 	 74
150 	 93
151 	 70
152 	 74
153 	 89
154 	 77
155 	 77
156 	 77
157 	 69
158 	 89
159 	 84
160 	 78
161 	 75
162 	 78
163 	 74
164 	 90
165 	 77
166 	 78
167 	 82
168 	 68
169 	 68
170 	 72
171 	 75
172 	 64
173 	 68
174 	 78
175 	 83
176 	 87
177 	 85
178 	 65
179 	 64
180 	 83
181 	 71
182 	 80
183 	 72
184 	 69
185 	 78
186 	 68
187 	 63
188 	 71
189 	 59
190 	 56
191 	 48
192 	 53
193 	 56
194 	 41
195 	 49
196 	 57
197 	 29
198 	 39
199 	 42
200 	 32
201 	 34
202 	 38
203 	 25
204 	 35
205 	 35
206 	 32
207 	 34
208 	 20
209 	 24
210 	 41
211 	 38
212 	 33
213 	 32
214 	 23
215 	 28
216 	 22
217 	 33
218 	 25
219 	 40
220 	 26
221 	 19
222 	 36
223 	 35
224 	 18
225 	 25
226 	 31
227 	 24
228 	 28
229 	 27
230 	 28
231 	 27
232 	 25
233 	 31
234 	 32
235 	 32
236 	 30
237 	 31
238 	 32
239 	 38
240 	 36
241 	 37
242 	 46
243 	 36
244 	 41
245 	 53
246 	 49
247 	 60
248 	 68
249 	 79
250 	 95
251 	 86
252 	 102
253 	 133
254 	 147
255 	 190
256 	 231
257 	 219
258 	 254
259 	 272
260 	 354
261 	 398
262 	 418
263 	 419
264 	 445
265 	 489
266 	 504
267 	 506
268 	 509
269 	 524
270 	 511
271 	 516
272 	 435
273 	 439
274 	 394
275 	 391
276 	 332
277 	 292
278 	 260
279 	 199
280 	 168
281 	 144
282 	 137
283 	 118
284 	 106
285 	 73
286 	 55
287 	 35
288 	 39
289 	 22
290 	 28
291 	 14
292 	 13
293 	 4
294 	 5
295 	 6
296 	 7
297 	 3
298 	 3
299 	 6
300 	 2
301 	 4
302 	 2
303 	 1
304 	 4
305 	 5
306 	 3
307 	 0
308 	 1
309 	 3
310 	 2
311 	 5
312 	 4
313 	 3
314 	 5
315 	 5
316 	 3
317 	 4
318 	 1
319 	 3
320 	 3
321 	 5
322 	 3
323 	 4
324 	 6
325 	 5
326 	 8
327 	 1
328 	 4
329 	 0
330 	 2
331 	 5
332 	 3
333 	 4
334 	 2
335 	 2
336 	 2
337 	 1
338 	 4
339 	 3
340 	 2
341 	 2
342 	 3
343 	 5
344 	 4
345 	 5
346 	 4
347 	 4
348 	 3
349 	 3
350 	 1
351 	 2
352 	 1
353 	 2
354 	 1
355 	 4
356 	 5
357 	 3
358 	 3
359 	 6
360 	 1
361 	 3
362 	 3
363 	 2
364 	 3
365 	 3
366 	 2
367 	 1
368 	 0
369 	 5
370 	 3
371 	 1
372 	 2
373 	 6
374 	 3
375 	 1
376 	 2
377 	 1
378 	 2
379 	 3
380 	 3
381 	 3
382 	 0
383 	 1
384 	 4
385 	 3
386 	 1
387 	 2
388 	 2
389 	 1
390 	 1
391 	 1
392 	 2
393 	 3
394 	 3
395 	 2
396 	 3
397 	 2
398 	 4
399 	 2
400 	 2
401 	 6
402 	 3
403 	 2
404 	 2
405 	 2
406 	 2
407 	 3
408 	 2
409 	 2
410 	 5
411 	 3
412 	 3
413 	 2
414 	 3
415 	 1
416 	 2
417 	 0
418 	 1
419 	 1
420 	 1
421 	 1
422 	 0
423 	 2
424 	 2
425 	 1
426 	 2
427 	 1
428 	 0
429 	 1
430 	 3
431 	 4
432 	 2
433 	 2
434 	 1
435 	 2
436 	 2
437 	 2
438 	 1
439 	 3
440 	 1
441 	 0
442 	 3
443 	 2
444 	 3
445 	 1
446 	 1
447 	 1
448 	 2
449 	 1
450 	 1
451 	 3
452 	 2
453 	 1
454 	 4
455 	 3
456 	 2
457 	 2
458 	 0
459 	 3
460 	 2
461 	 0
462 	 1
463 	 2
464 	 3
465 	 2
466 	 1
467 	 1
468 	 1
469 	 2
470 	 3
471 	 1
472 	 0
473 	 2
474 	 0
475 	 1
476 	 0
477 	 1
478 	 0
479 	 0
480 	 3
481 	 1
482 	 2
483 	 1
484 	 2
485 	 2
486 	 0
487 	 1
488 	 2
489 	 1
490 	 3
491 	 1
492 	 0
493 	 1
494 	 1
495 	 1
496 	 1
497 	 0
498 	 0
499 	 2
500 	 1
501 	 1
502 	 0
503 	 2
504 	 0
505 	 1
506 	 1
507 	 1
508 	 1
509 	 4
510 	 1
511 	 1
512 	 1
513 	 2
514 	 1
515 	 0
516 	 0
517 	 0
518 	 1
519 	 2
520 	 1
521 	 0
522 	 1
523 	 1
524 	 1
525 	 0
526 	 0
527 	 1
528 	 1
529 	 0
530 	 0
531 	 2
532 	 0
533 	 0
534 	 2
535 	 0
536 	 1
537 	 0
538 	 2
539 	 1
540 	 0
541 	 0
542 	 0
543 	 1
544 	 2
545 	 0
546 	 1
547 	 1
548 	 3
549 	 0
550 	 1
551 	 1
552 	 3
553 	 2
554 	 0
555 	 1
556 	 3
557 	 2
558 	 1
559 	 0
560 	 1
561 	 0
562 	 1
563 	 1
564 	 3
565 	 1
566 	 1
567 	 3
568 	 3
569 	 4
570 	 7
571 	 4
572 	 2
573 	 3
574 	 5
575 	 5
576 	 2
577 	 5
578 	 2
579 	 2
580 	 1
581 	 5
582 	 1
583 	 2
584 	 0
585 	 1
586 	 1
587 	 1
588 	 0
589 	 3
590 	 2
591 	 4
592 	 1
593 	 2
594 	 0
595 	 2
596 	 3
597 	 0
598 	 0
599 	 1
600 	 0
601 	 1
602 	 2
603 	 0
604 	 0
605 	 1
606 	 0
607 	 0
608 	 1
609 	 0
610 	 0
611 	 0
612 	 0
613 	 1
614 	 0
615 	 1
616 	 0
617 	 0
618 	 3
619 	 0
620 	 1
621 	 0
622 	 2
623 	 0
624 	 1
625 	 0
626 	 0
627 	 2
628 	 1
629 	 0
630 	 0
631 	 0
632 	 1
633 	 1
634 	 0
635 	 0
636 	 1
637 	 0
638 	 0
639 	 0
640 	 0
641 	 0
642 	 0
643 	 1
644 	 1
645 	 0
646 	 0
647 	 2
648 	 0
649 	 0
650 	 0
651 	 0
652 	 0
653 	 0
654 	 0
655 	 0
656 	 0
657 	 0
658 	 0
659 	 0
660 	 2
661 	 1
662 	 0
663 	 1
664 	 0
665 	 0
666 	 0
667 	 0
668 	 0
669 	 0
670 	 2
671 	 0
672 	 0
673 	 0
674 	 0
675 	 0
676 	 1
677 	 0
678 	 0
679 	 0
680 	 0
681 	 0
682 	 0
683 	 1
684 	 0
685 	 0
686 	 0
687 	 0
688 	 0
689 	 1
690 	 0
691 	 0
692 	 1
693 	 1
694 	 1
695 	 0
696 	 0
697 	 0
698 	 0
699 	 2
700 	 0
701 	 0
702 	 0
703 	 1
704 	 0
705 	 0
706 	 1
707 	 1
708 	 1
709 	 0
710 	 0
711 	 1
712 	 0
713 	 0
714 	 0
715 	 1
716 	 0
717 	 1
718 	 0
719 	 0
720 	 0
721 	 1
722 	 1
723 	 0
724 	 0
725 	 0
726 	 0
727 	 0
728 	 1
729 	 0
730 	 0
731 	 0
732 	 0
733 	 0
734 	 0
735 	 0
736 	 0
737 	 0
738 	 0
739 	 1
740 	 1
741 	 0
742 	 0
743 	 0
744 	 0
745 	 0
746 	 0
747 	 0
748 	 1
749 	 0
750 	 0
751 	 0
752 	 0
753 	 0
754 	 0
755 	 1
756 	 0
757 	 0
758 	 1
759 	 0
760 	 0
761 	 0
762 	 0
763 	 0
764 	 0
765 	 0
766 	 1
767 	 0
768 	 0
769 	 0
770 	 1
771 	 0
772 	 0
773 	 1
774 	 0
775 	 1
776 	 0
777 	 0
778 	 0
779 	 0
780 	 0
781 	 1
782 	 0
783 	 0
784 	 0
785 	 0
786 	 0
787 	 1
788 	 0
789 	 0
790 	 1
791 	 0
792 	 0
793 	 0
794 	 0
795 	 0
796 	 0
797 	 0
798 	 1
799 	 1
800 	 1
801 	 0
802 	 0
803 	 0
804 	 0
805 	 0
806 	 0
807 	 0
808 	 0
809 	 0
810 	 0
811 	 1
812 	 0
813 	 0
814 	 0
815 	 0
816 	 1
817 	 1
818 	 0
819 	 0
820 	 1
821 	 0
822 	 0
823 	 0
824 	 0
825 	 0
826 	 0
827 	 0
828 	 0
829 	 0
830 	 0
831 	 0
832 	 0
833 	 0
834 	 0
835 	 2
836 	 0
837 	 0
838 	 0
839 	 1
840 	 0
841 	 0
842 	 0
843 	 0
844 	 0
845 	 0
846 	 0
847 	 1
848 	 0
849 	 2
850 	 1
851 	 0
852 	 0
853 	 0
854 	 0
855 	 1
856 	 0
857 	 0
858 	 0
859 	 0
860 	 0
861 	 0
862 	 0
863 	 0
864 	 0
865 	 0
866 	 0
867 	 0
868 	 0
869 	 0
870 	 0
871 	 1
872 	 0
873 	 0
874 	 2
875 	 1
876 	 0
877 	 0
878 	 0
879 	 1
880 	 0
881 	 1
882 	 0
883 	 0
884 	 0
885 	 0
886 	 1
887 	 0
888 	 0
889 	 0
890 	 0
891 	 1
892 	 0
893 	 1
894 	 1
895 	 0
896 	 0
897 	 0
898 	 0
899 	 0
900 	 0
901 	 1
902 	 1
903 	 0
904 	 0
905 	 0
906 	 1
907 	 0
908 	 0
909 	 0
910 	 0
911 	 0
912 	 0
913 	 0
914 	 0
915 	 0
916 	 0
917 	 0
918 	 0
919 	 0
920 	 0
921 	 1
922 	 0
923 	 0
924 	 0
925 	 0
926 	 1
927 	 0
928 	 0
929 	 1
930 	 0
931 	 0
932 	 0
933 	 1
934 	 0
935 	 0
936 	 0
937 	 0
938 	 0
939 	 0
940 	 0
941 	 1
942 	 0
943 	 0
944 	 0
945 	 0
946 	 0
947 	 1
948 	 0
949 	 0
950 	 0
951 	 0
952 	 0
953 	 0
954 	 0
955 	 0
956 	 0
957 	 0
958 	 1
959 	 0
960 	 0
961 	 0
962 	 0
963 	 0
964 	 0
965 	 0
966 	 0
967 	 0
968 	 0
969 	 0
970 	 0
971 	 1
972 	 0
973 	 0
974 	 0
975 	 0
976 	 0
977 	 0
978 	 0
979 	 0
980 	 0
981 	 0
982 	 0
983 	 0
984 	 0
985 	 0
986 	 0
987 	 0
988 	 0
989 	 0
990 	 0
991 	 2
992 	 0
993 	 1
994 	 0
995 	 0
996 	 0
997 	 0
998 	 0
999 	 0
1000 	 0
1001 	 0
1002 	 0
1003 	 0
1004 	 1
1005 	 0
1006 	 1
1007 	 0
1008 	 0
1009 	 1
1010 	 1
1011 	 0
1012 	 1
1013 	 0
1014 	 0
1015 	 0
1016 	 1
1017 	 0
1018 	 0
1019 	 0
1020 	 0
1021 	 1
1022 	 0
1023 	 0


# Energy calibration zero intercept, 0.0 for uncalibrated spectrum: 0.00000
# Energy calibration slope, 1.0 for uncalibrated spectrum: 0.00000
# Energy calibration quadratic term, 0.0 for uncalibrated spectrum: 0.00000
# Peak shape calibration zero intercept, 1.0 for uncalibrated spectrum: 1.00000
# Peak shape calibration slope, 0.0 for uncalibrated spectrum: 0.00000
# Peak shape calibration quadratic term, 0.0 for uncalibrated spectrum: 0.00000
# Detector description: 
# Sample description: 
