SpectrumName : Wuerfel_4_Proj_08.SPC
XUnit        : 
YUnit        : 
Length       : 1024
SubSpcNum    : 1
StartSubSpc  : 0
StopSubSpc   : 0
Comment      : 
Realtime     : 300.000
Livetime     : 299.580
Deadtime     : 0.420
FastChannel  : 48056
Starttime    : 25.01.2016 14:40:01
Stoptime     : 25.01.2016 14:45:01
CalibCoeff   : a=0.000000000E+000 b=0.000000000E+000 c=0.000000000E+000 d=0.000000000E+000
SpectrumText : 0 
0,0,0,0,0,0,0,0
5,9,29,62,71,63,60,85
87,84,88,103,96,88,113,110
99,108,98,97,113,93,104,108
98,129,126,127,117,126,137,111
134,119,106,148,115,105,139,154
145,135,138,141,156,129,178,160
147,159,148,142,159,150,172,177
158,153,161,155,153,176,163,169
145,179,163,176,179,150,164,157
158,153,178,161,171,154,158,134
141,168,150,149,134,151,147,121
157,141,146,133,137,126,162,118
136,131,144,146,145,139,123,135
137,125,121,130,122,129,136,129
141,120,127,137,114,136,138,124
105,141,97,126,124,120,119,98
113,125,117,114,117,117,105,125
116,119,130,120,110,104,128,122
112,113,115,121,117,113,138,116
128,118,143,109,130,126,111,115
139,112,138,122,127,119,111,140
134,110,127,113,128,131,138,128
108,114,95,96,97,108,110,89
80,89,73,69,69,52,54,58
65,51,69,55,53,58,52,62
52,37,50,49,37,48,42,49
52,52,36,40,50,45,38,45
48,43,49,38,51,49,49,42
46,45,50,49,61,51,44,36
43,50,58,61,62,65,71,78
81,111,121,140,180,233,240,282
313,402,450,472,598,610,654,733
803,883,816,875,902,959,924,961
888,850,817,727,656,621,576,473
384,339,267,234,206,169,137,95
82,72,65,29,19,24,15,15
9,4,5,6,7,4,3,7
10,9,1,4,3,5,2,2
3,6,2,3,4,4,3,8
1,5,1,0,0,3,1,3
3,1,1,5,1,6,1,3
1,3,1,6,5,2,6,5
2,4,4,3,4,1,2,4
4,1,3,4,1,6,6,3
6,7,1,2,2,3,4,3
1,2,4,4,1,1,2,5
1,4,3,4,3,2,1,1
0,4,2,2,5,1,1,5
3,4,2,4,5,0,2,2
2,0,6,5,2,5,0,4
1,1,0,1,3,3,3,1
7,1,3,0,3,3,3,1
0,4,2,2,0,2,2,4
2,3,3,0,4,4,2,1
2,1,4,0,4,1,3,1
4,1,3,1,7,1,1,4
3,0,1,3,2,1,2,3
4,3,0,4,3,2,2,1
4,4,3,0,2,0,0,1
3,4,2,0,3,1,0,1
2,0,2,0,0,1,0,1
2,2,0,1,2,0,0,1
0,0,0,1,1,1,2,0
1,2,0,0,0,0,3,0
1,2,0,2,1,1,3,2
1,1,0,0,2,1,2,0
0,0,0,0,1,1,1,0
2,0,2,3,3,4,0,1
2,2,0,2,1,0,0,2
1,2,5,1,1,3,4,0
0,3,1,3,1,4,5,5
2,4,0,3,2,3,3,1
3,1,2,1,2,1,1,3
0,1,0,1,4,3,2,2
3,1,2,2,1,0,1,2
0,1,3,1,1,0,0,0
0,2,1,0,1,0,0,0
0,0,0,0,1,1,0,2
2,2,0,0,2,1,0,0
0,0,0,0,0,1,1,0
1,0,2,0,0,0,0,2
1,0,0,0,0,1,0,0
0,2,0,0,0,0,0,0
1,1,0,1,0,0,0,0
0,1,1,1,0,1,1,0
1,2,2,0,1,1,0,0
0,0,0,1,0,0,1,0
0,1,0,0,0,2,1,1
0,0,0,0,1,0,0,0
0,0,1,0,0,0,0,0
0,0,1,1,1,1,1,0
0,0,1,0,0,0,0,0
0,0,0,0,1,0,1,0
0,0,1,0,0,1,1,1
0,0,0,1,0,0,1,0
0,0,0,0,0,0,0,0
0,0,0,0,0,0,0,0
0,0,0,0,1,0,0,0
0,0,1,0,1,0,2,0
0,0,0,0,0,0,1,0
1,0,1,0,0,0,0,0
0,0,0,0,2,0,0,0
0,0,0,0,0,0,1,0
1,1,1,1,1,0,0,1
1,0,0,1,0,0,0,0
1,0,0,0,0,0,0,0
0,0,1,1,0,0,0,1
0,1,0,0,1,0,0,0
1,0,0,1,1,1,0,0
2,0,0,0,0,0,0,0
1,1,0,1,0,0,0,0
0,0,0,0,0,0,1,0
0,0,1,0,0,0,0,0
0,0,0,0,0,0,0,0
0,1,0,0,0,0,0,0
0,1,0,0,0,0,0,1
0,0,0,0,0,0,0,0
0,0,0,0,0,0,0,0
0,0,0,0,0,0,0,0
2,1,0,0,0,0,0,1
0,0,1,0,0,0,0,0
0,0,0,0,0,0,0,1
0,0,0,0,0,1,0,0
0,1,0,2,0,0,0,1
0,0,1,0,0,1,0,0
0,0,0,0,0,0,1,0
1,0,0,0,0,1,0,0
