SpectrumName : Wuerfel_1_Proj_2.SPN
XUnit        : 
YUnit        : 
Length       : 1024
SubSpcNum    : 1
StartSubSpc  : 0
StopSubSpc   : 0
Comment      : 
Realtime     : 300.000
Livetime     : 299.190
Deadtime     : 0.810
FastChannel  : 29338
Starttime    : 03.04.2000 21:49:26
Stoptime     : 03.04.2000 21:54:26
CalibCoeff   : a=0.000000000E+000 b=0.000000000E+000 c=0.000000000E+000 d=0.000000000E+000
SpectrumText : 0 
0,0,0,0,0,0,0,0
3,6,13,29,43,41,47,51
45,53,59,49,61,50,69,59
69,62,53,63,70,64,82,61
63,70,68,71,89,78,84,97
99,81,93,90,102,80,77,103
96,123,102,99,110,107,105,101
118,124,98,113,106,101,112,119
116,99,116,115,122,104,119,107
109,131,121,114,91,111,114,110
117,99,106,110,110,85,131,107
79,112,95,98,100,101,95,96
116,100,92,98,109,97,85,112
85,96,75,80,92,86,87,70
84,99,85,86,90,72,101,79
83,76,84,92,80,101,70,91
89,75,58,93,89,85,72,75
91,79,64,67,79,81,89,80
74,89,85,77,91,58,79,92
75,80,75,79,79,64,60,73
96,79,65,78,75,67,67,69
80,92,68,71,82,71,75,72
85,77,88,75,70,67,58,71
59,71,64,50,63,43,44,56
39,47,55,41,43,47,42,41
36,34,35,35,33,43,41,28
35,22,36,24,17,31,29,34
20,32,26,38,32,32,32,33
30,28,22,21,35,22,20,29
31,44,27,25,21,36,33,28
35,41,35,36,43,40,39,54
61,53,85,109,96,124,163,164
185,255,244,269,291,340,373,390
447,452,496,503,488,525,523,496
453,434,378,378,328,276,269,220
192,188,162,119,94,73,55,40
28,29,18,15,2,9,7,4
7,5,4,5,0,3,2,1
2,5,5,6,2,2,5,2
3,3,6,1,3,2,7,2
5,3,2,3,5,1,3,2
1,4,3,1,4,5,2,3
5,3,5,1,2,2,3,1
2,1,3,6,2,1,5,2
5,0,1,4,3,4,1,2
0,2,2,1,1,7,2,3
1,1,5,1,3,4,1,3
6,1,2,6,3,2,4,2
3,2,1,4,1,2,2,3
1,1,3,3,0,1,3,2
3,2,2,3,2,1,1,4
5,0,3,2,4,5,1,0
3,5,3,3,1,3,1,0
1,5,1,1,3,3,1,4
4,1,2,0,2,1,2,0
1,2,0,1,1,3,1,1
0,1,2,2,1,2,1,2
4,1,3,2,3,2,3,3
2,1,4,2,2,3,0,2
0,1,2,0,1,1,1,2
1,2,0,2,1,1,1,1
1,0,2,2,0,4,2,0
0,1,0,0,1,1,0,0
0,1,1,0,1,3,1,0
0,1,1,1,0,2,0,0
4,2,2,2,1,2,1,0
3,0,0,1,0,0,0,2
1,2,4,1,0,2,1,0
2,4,2,1,1,0,1,0
0,2,3,4,3,1,1,2
1,2,3,3,1,1,0,1
0,5,5,2,1,2,4,0
2,1,3,6,3,4,4,1
2,3,2,4,2,1,0,0
1,5,1,3,0,0,0,0
2,2,0,0,1,0,0,1
0,0,1,0,0,0,0,0
1,0,1,0,1,0,0,0
0,0,1,3,0,1,1,0
0,1,0,2,1,1,0,0
2,0,1,0,0,0,0,1
0,0,0,2,0,0,0,1
0,0,0,0,1,2,0,0
0,1,0,0,0,0,0,1
1,0,0,0,0,1,0,0
1,1,0,2,0,1,0,0
0,0,0,1,0,0,0,0
0,0,0,1,0,0,1,0
0,1,1,0,1,2,1,0
0,0,1,0,0,0,1,1
0,0,0,0,0,0,0,1
0,0,0,1,0,0,0,0
0,1,0,0,0,0,1,1
0,1,0,0,0,0,0,0
1,0,0,1,0,0,0,0
0,0,2,0,0,0,0,0
0,0,0,0,0,0,0,0
0,0,0,0,0,0,0,0
0,0,0,0,0,2,0,0
0,1,0,0,0,0,0,0
0,0,2,0,0,0,1,0
0,0,0,0,1,0,0,3
0,0,0,1,0,0,0,0
2,1,0,1,1,0,0,0
2,1,0,1,1,0,0,0
1,1,0,0,0,1,0,0
2,0,3,0,0,1,0,3
0,0,1,0,1,0,0,1
0,0,1,0,1,0,0,1
0,0,0,1,1,0,0,0
0,0,0,0,0,0,0,0
0,0,0,0,1,0,0,0
0,0,0,0,0,0,0,0
0,0,0,0,0,0,0,0
0,1,0,0,0,0,0,0
1,0,1,1,0,0,0,0
0,0,0,0,0,0,0,0
0,0,0,0,0,0,0,1
0,0,0,0,0,0,0,0
0,0,0,0,0,0,0,0
0,0,0,0,0,0,1,0
1,0,0,0,0,0,0,0
0,0,0,0,0,0,0,0
0,0,0,0,0,0,0,0
0,0,0,0,0,0,0,0
0,0,0,0,0,0,0,0
1,1,0,0,0,0,0,0
0,0,1,1,0,0,0,0
