SpectrumName : Wuerfel_1_Proj_1.SPN
XUnit        : 
YUnit        : 
Length       : 1024
SubSpcNum    : 1
StartSubSpc  : 0
StopSubSpc   : 0
Comment      : 
Realtime     : 300.000
Livetime     : 299.310
Deadtime     : 0.690
FastChannel  : 20266
Starttime    : 03.04.2000 21:42:17
Stoptime     : 03.04.2000 21:47:17
CalibCoeff   : a=0.000000000E+000 b=0.000000000E+000 c=0.000000000E+000 d=0.000000000E+000
SpectrumText : 0 
0,0,0,0,0,0,0,0
0,8,5,27,27,24,34,29
43,41,35,44,42,49,39,42
45,45,41,42,45,45,44,49
46,40,59,61,51,56,49,59
57,59,70,70,70,92,75,64
100,111,82,80,87,96,83,104
88,76,86,92,96,90,84,97
93,85,70,98,86,113,84,98
92,83,99,87,81,71,85,82
99,72,91,82,84,84,86,62
81,82,93,54,62,92,73,84
80,73,73,82,67,62,82,71
73,76,54,68,65,59,69,61
67,60,53,59,63,56,54,59
62,57,60,52,65,45,59,56
58,43,59,53,67,50,50,49
48,63,46,61,50,54,55,58
42,50,52,49,54,61,53,47
50,46,53,56,47,46,45,55
55,47,41,46,60,55,56,58
45,53,51,45,45,42,47,54
44,47,48,47,45,37,47,51
45,39,31,37,35,39,37,42
28,33,28,39,24,30,24,22
30,22,27,32,24,26,23,18
26,19,25,28,17,20,24,17
19,36,24,8,18,21,14,22
22,20,21,18,16,17,19,21
22,25,20,28,29,16,21,25
12,26,35,21,34,16,29,29
47,41,40,66,62,83,107,115
146,137,180,191,202,219,218,269
285,310,300,296,297,309,283,288
280,248,244,203,180,183,141,120
102,82,80,58,37,51,40,26
17,15,10,7,7,6,7,4
4,3,6,3,4,5,3,2
2,7,3,4,6,3,4,3
3,5,1,4,2,1,5,6
1,1,3,2,3,1,5,3
3,4,1,1,4,4,2,1
4,4,4,3,3,2,1,1
4,1,2,3,4,4,4,4
4,1,3,3,0,1,2,2
2,5,5,4,1,1,1,6
3,6,4,0,1,2,2,4
5,2,0,1,3,0,2,3
4,2,2,2,2,2,3,2
2,2,2,1,1,2,0,5
3,1,2,0,3,2,2,2
1,1,0,2,1,4,2,0
5,3,1,2,2,1,0,2
0,1,2,2,4,3,2,3
5,1,2,2,0,3,1,1
1,4,1,2,2,1,2,1
1,2,4,3,1,2,2,0
3,4,0,3,0,2,1,1
1,0,1,1,2,3,5,0
4,2,3,2,1,2,2,1
2,2,2,0,4,2,1,1
2,1,0,1,0,0,0,2
0,0,2,2,1,0,0,2
2,0,0,1,0,2,2,0
0,3,0,0,0,0,4,0
0,1,1,2,3,2,1,1
1,1,0,3,2,2,0,1
0,1,0,0,0,3,0,0
1,1,0,3,1,3,1,1
1,2,0,1,0,1,1,2
3,0,1,3,1,0,2,0
7,2,0,4,5,1,2,3
2,2,7,4,5,2,2,0
2,0,1,3,1,1,1,1
0,5,0,1,1,2,0,0
0,1,1,3,0,0,1,0
1,0,0,0,0,2,1,0
0,0,2,1,0,0,0,0
3,0,0,0,1,0,0,0
0,0,0,0,0,0,0,4
1,0,1,0,0,0,0,1
0,0,0,1,0,0,0,0
1,1,1,0,1,0,0,0
0,0,0,0,0,0,0,0
1,1,1,2,0,2,0,1
1,0,1,0,0,0,0,0
0,0,1,0,2,1,0,1
1,0,1,1,1,0,0,0
0,2,0,0,0,0,0,0
0,0,0,0,0,0,1,1
1,0,0,0,0,0,0,0
0,0,1,0,0,0,0,0
0,0,0,2,0,1,1,0
1,0,0,0,0,0,0,0
0,0,1,2,0,0,0,1
0,0,0,0,0,1,0,0
0,0,1,0,0,0,1,0
0,0,0,1,0,0,0,0
0,0,0,0,0,1,0,0
1,0,0,1,0,0,0,1
0,1,0,1,0,0,1,0
0,0,0,0,0,0,1,0
0,0,0,0,1,1,2,0
0,1,1,0,2,1,1,0
0,0,0,1,0,0,0,1
0,0,1,1,1,0,0,0
0,0,0,0,0,0,0,0
1,0,0,0,1,0,1,0
0,0,1,0,0,0,1,0
0,0,1,0,1,0,0,0
0,0,0,1,0,0,1,0
0,0,1,0,0,1,0,1
1,0,0,0,1,0,1,0
0,1,0,1,0,0,1,1
0,0,0,0,1,0,0,0
0,0,0,0,0,0,0,1
0,0,0,1,0,0,0,0
1,0,0,0,0,0,0,0
0,2,0,0,0,0,0,0
0,0,1,0,0,0,0,0
0,0,0,0,0,0,0,0
0,0,0,0,0,0,0,0
0,0,0,0,0,0,0,1
1,0,0,1,0,1,0,0
0,0,2,0,1,0,0,0
0,0,0,0,0,0,0,0
0,0,0,0,0,0,1,0
1,1,0,0,0,0,0,0
