SpectrumName : Wuerfel_1_Proj_10.SPC
XUnit        : 
YUnit        : 
Length       : 1024
SubSpcNum    : 1
StartSubSpc  : 0
StopSubSpc   : 0
Comment      : 
Realtime     : 300.000
Livetime     : 299.450
Deadtime     : 0.550
FastChannel  : 35026
Starttime    : 03.04.2000 23:07:10
Stoptime     : 03.04.2000 23:12:10
CalibCoeff   : a=0.000000000E+000 b=0.000000000E+000 c=0.000000000E+000 d=0.000000000E+000
SpectrumText : 0 
0,0,0,0,0,0,0,0
1,3,15,36,32,53,63,54
68,53,71,72,71,84,78,74
70,70,66,64,76,78,75,73
88,96,86,87,107,89,83,96
106,105,103,107,115,93,100,95
89,115,121,115,91,120,118,144
125,120,131,139,114,124,123,133
120,125,147,134,114,110,134,133
140,124,117,126,117,132,129,132
129,137,123,126,118,119,119,125
111,102,116,111,124,112,108,138
119,119,115,112,82,116,113,113
122,98,82,83,117,108,94,96
104,105,95,92,108,98,100,120
99,86,83,92,89,101,98,113
96,87,74,85,108,92,85,85
83,106,108,90,90,76,91,95
104,87,103,94,112,96,81,94
98,84,101,111,76,100,88,80
93,84,87,85,84,97,86,83
96,111,79,92,93,83,89,84
88,98,100,80,89,88,86,86
85,73,90,86,64,71,82,73
65,55,66,47,66,54,48,56
43,35,33,44,39,36,44,39
33,28,52,29,41,25,38,32
31,44,32,36,35,32,36,27
48,22,28,34,28,38,31,48
42,30,37,29,25,42,35,41
43,37,48,42,48,54,64,47
84,93,82,110,126,149,173,212
248,256,291,341,362,433,445,536
553,556,647,621,680,641,571,617
561,545,515,467,397,407,371,292
248,228,188,171,123,93,69,48
44,43,30,13,24,9,16,5
6,1,6,4,2,3,5,4
5,5,0,4,4,4,1,2
7,2,5,4,3,3,3,4
6,4,3,4,5,1,2,4
3,3,8,4,2,1,0,2
2,2,7,3,2,4,0,0
3,2,2,1,4,1,4,2
3,4,1,3,5,3,1,3
2,2,2,3,3,2,2,3
2,1,2,1,1,2,2,3
3,5,3,1,1,5,3,3
2,4,1,2,4,2,1,3
2,4,0,4,5,2,0,1
0,1,3,1,1,2,4,3
3,4,3,0,5,3,3,2
7,2,1,0,0,1,1,2
2,1,2,1,2,1,2,1
1,2,4,4,1,1,3,1
1,2,3,4,4,2,2,2
0,0,1,3,2,1,1,1
0,0,3,2,2,3,3,2
2,4,3,1,5,1,3,0
1,2,1,3,3,2,4,3
1,0,1,2,0,2,2,0
0,1,0,0,1,1,0,0
1,1,1,4,0,2,4,0
1,0,0,3,0,0,4,3
1,3,1,0,0,2,1,1
0,0,0,1,3,0,3,1
3,2,2,1,0,0,0,0
1,1,0,1,0,0,1,2
1,0,0,3,2,2,0,0
3,0,2,1,0,2,2,1
1,1,0,2,4,2,2,1
0,1,1,5,3,2,4,1
4,5,1,6,4,1,3,2
1,2,2,1,1,1,5,1
1,0,1,2,1,2,2,1
0,1,0,3,0,1,0,0
1,1,3,2,1,0,1,0
0,0,0,1,1,2,0,0
0,0,0,0,1,0,1,1
1,0,0,1,1,2,0,0
1,0,1,0,0,1,0,1
0,0,1,0,0,2,0,0
0,0,0,1,0,0,0,1
0,1,0,0,1,1,0,2
0,1,0,1,1,0,3,0
2,2,0,1,0,1,0,0
0,2,1,1,0,1,1,0
1,0,0,0,0,0,0,0
0,1,0,0,1,0,0,0
0,0,0,0,0,1,0,1
0,0,0,0,0,0,0,0
0,0,0,0,0,0,0,1
0,0,0,0,0,0,0,0
0,1,2,0,0,0,0,0
0,0,0,0,0,0,0,1
0,0,2,0,0,0,0,0
0,0,1,1,0,1,1,0
0,0,0,0,1,0,0,0
0,0,1,0,0,0,0,1
0,0,1,0,0,0,0,0
0,0,0,0,0,0,0,0
0,0,1,0,0,0,0,0
0,0,0,0,0,1,1,1
1,0,0,0,0,0,0,0
0,0,0,0,0,1,0,0
0,1,0,1,0,0,0,1
0,1,0,0,1,1,0,0
0,1,0,0,0,0,0,1
0,1,0,0,1,0,1,0
0,0,0,0,1,0,0,0
0,0,0,1,1,0,0,1
0,0,0,0,0,0,1,0
0,0,0,1,0,0,0,0
0,0,0,0,0,0,0,0
0,0,1,0,0,0,0,0
1,0,0,0,0,0,0,0
0,0,0,1,0,0,0,0
0,0,0,0,0,0,0,0
0,0,0,0,0,0,0,0
0,0,0,0,1,0,0,0
1,0,0,0,0,0,0,0
0,0,0,0,0,0,0,0
0,1,0,0,0,0,0,0
0,1,0,2,0,0,0,1
0,0,0,0,0,0,0,0
0,0,0,0,0,0,0,0
0,0,0,0,0,0,1,0
0,0,0,0,0,0,0,0
