SpectrumName : Wuerfel_1_Proj_5.SPC
XUnit        : 
YUnit        : 
Length       : 1024
SubSpcNum    : 1
StartSubSpc  : 0
StopSubSpc   : 0
Comment      : 
Realtime     : 300.000
Livetime     : 299.260
Deadtime     : 0.740
FastChannel  : 20320
Starttime    : 03.04.2000 22:49:38
Stoptime     : 03.04.2000 22:54:39
CalibCoeff   : a=0.000000000E+000 b=0.000000000E+000 c=0.000000000E+000 d=0.000000000E+000
SpectrumText : 0 
0,0,0,0,0,0,0,0
2,5,6,28,24,31,43,33
47,38,37,45,66,43,43,47
44,37,59,54,58,47,58,49
48,57,46,58,59,56,65,67
69,67,57,64,72,71,73,70
98,64,78,76,80,86,94,96
65,87,95,94,77,69,88,90
74,83,89,97,95,62,77,84
93,93,87,91,68,98,71,81
96,89,77,82,76,72,70,70
63,80,71,80,91,63,73,75
64,77,95,72,77,68,63,66
54,65,61,56,64,52,71,67
55,79,63,71,59,56,65,58
72,60,72,68,69,72,48,61
59,53,48,45,53,61,66,54
51,48,54,51,46,49,46,45
45,50,57,51,52,42,55,61
48,64,54,58,54,58,44,46
63,54,54,54,54,55,42,52
45,52,49,53,51,46,52,47
43,42,53,53,47,46,37,23
38,42,31,48,43,48,38,37
36,34,25,30,37,27,28,28
19,21,13,26,28,30,28,15
29,16,21,21,21,18,18,18
16,17,17,18,16,19,14,19
25,23,13,18,14,23,18,26
28,13,20,31,22,14,27,21
20,21,21,20,24,31,40,25
46,50,44,48,66,72,100,111
103,125,170,196,211,199,200,250
289,278,273,291,333,308,320,282
306,251,247,246,217,181,165,128
130,103,91,75,38,35,42,17
28,15,13,22,6,6,10,5
5,5,4,2,2,2,3,0
3,2,3,7,6,5,4,4
3,6,4,2,5,1,4,1
3,8,4,4,2,4,8,2
4,1,1,3,0,3,7,1
2,4,5,3,3,1,2,4
4,6,1,1,1,2,3,5
3,4,5,5,5,4,5,1
4,0,3,2,5,3,1,1
3,3,3,3,2,3,4,2
2,2,2,1,3,6,2,4
2,7,4,3,4,1,2,3
7,3,2,3,0,3,0,0
2,0,1,3,3,2,1,2
2,0,3,0,3,1,1,5
3,1,2,0,6,2,1,1
0,0,3,1,0,1,5,0
1,3,2,0,3,1,1,1
4,0,1,2,2,7,1,3
1,2,2,2,1,0,1,1
3,1,2,2,1,4,1,0
1,1,3,3,2,4,0,0
0,3,1,1,2,3,2,2
1,2,2,0,4,1,0,0
2,3,2,2,2,2,0,1
0,2,1,5,3,0,1,0
0,0,2,1,0,0,2,2
2,4,3,1,3,2,0,0
1,0,0,2,2,2,2,1
0,1,0,1,0,0,0,1
1,1,1,1,1,1,1,1
0,0,1,4,1,0,0,0
1,3,1,0,4,0,1,3
1,3,2,4,0,4,1,3
2,2,2,4,1,2,2,0
4,1,2,1,3,5,1,6
2,1,0,2,2,3,3,1
0,1,1,2,1,0,2,2
2,0,0,1,1,1,2,0
0,0,0,0,1,0,1,0
0,2,0,3,0,0,1,1
0,1,1,0,1,0,0,0
0,0,0,1,0,0,1,1
0,2,1,0,2,0,0,2
0,0,0,0,0,1,1,0
1,0,0,0,0,0,0,0
0,0,1,1,0,1,1,1
1,0,1,0,0,1,0,0
1,1,1,0,0,0,0,0
0,0,1,1,0,0,1,0
0,0,0,0,1,1,1,2
1,0,0,0,0,0,0,1
1,0,0,0,1,0,0,0
1,1,0,1,0,1,0,1
1,0,0,0,0,0,1,0
1,0,0,0,0,0,0,0
1,0,0,0,0,0,0,0
0,1,0,0,0,0,1,0
0,1,0,1,0,0,0,0
0,0,0,0,0,0,0,0
0,0,0,0,1,0,0,2
0,0,1,1,0,0,0,2
1,0,0,0,0,1,0,0
0,0,1,1,0,0,0,0
0,0,0,0,1,0,1,0
0,0,0,0,0,1,1,0
0,0,0,0,0,0,0,1
0,0,0,0,0,0,2,0
0,0,1,0,0,2,0,0
0,0,0,0,0,1,0,0
0,0,1,0,0,0,0,0
0,0,0,0,0,0,0,0
0,0,0,0,0,0,0,0
0,1,1,1,0,0,0,0
1,0,0,1,0,0,0,0
1,0,0,1,0,0,0,0
0,0,0,0,0,0,0,0
0,0,0,0,0,0,0,0
0,0,0,1,0,0,0,0
0,0,0,0,0,0,0,0
1,0,0,0,0,0,0,1
0,0,0,0,0,0,0,0
0,0,0,0,0,0,0,1
0,0,0,0,1,0,0,0
0,1,0,0,0,0,1,0
0,0,0,0,0,1,0,1
1,0,0,0,0,0,0,0
0,0,2,0,0,0,0,0
0,1,0,1,1,1,0,0
0,1,0,1,1,0,0,0
0,0,0,0,1,0,0,0
