SpectrumName : Wuerfel_1_Proj_9.SPC
XUnit        : 
YUnit        : 
Length       : 1024
SubSpcNum    : 1
StartSubSpc  : 0
StopSubSpc   : 0
Comment      : 
Realtime     : 300.000
Livetime     : 299.360
Deadtime     : 0.640
FastChannel  : 29976
Starttime    : 03.04.2000 23:01:32
Stoptime     : 03.04.2000 23:06:33
CalibCoeff   : a=0.000000000E+000 b=0.000000000E+000 c=0.000000000E+000 d=0.000000000E+000
SpectrumText : 0 
0,0,0,0,0,0,0,0
3,7,14,38,43,36,47,51
48,59,56,66,64,61,54,65
75,65,63,51,71,52,65,78
77,69,89,96,78,79,81,84
77,94,99,94,86,105,77,113
91,92,99,117,110,124,121,81
120,101,116,105,111,133,108,125
119,119,104,101,102,129,117,119
118,107,118,108,114,126,103,108
94,119,121,109,113,103,91,110
102,103,95,97,96,121,105,110
99,110,110,84,87,89,92,78
84,113,102,90,104,84,102,98
89,103,83,85,93,102,86,87
88,94,88,76,84,90,88,90
84,80,84,94,84,74,83,86
71,71,64,79,80,85,64,87
71,102,90,82,91,78,90,66
67,56,74,77,81,96,83,82
89,79,70,90,86,73,68,67
64,67,66,86,80,79,86,83
70,61,68,72,84,80,66,68
75,55,67,65,56,61,61,54
52,46,44,42,47,28,47,48
43,40,42,34,36,31,38,30
45,29,20,25,29,33,30,31
37,32,28,19,27,26,27,26
39,27,20,23,20,34,24,23
32,28,34,23,25,26,34,32
30,37,32,36,47,48,50,50
62,70,75,87,111,119,157,171
203,223,258,275,288,352,389,407
458,483,500,481,517,516,530,479
482,476,418,364,358,289,276,246
198,191,142,110,91,94,63,50
39,29,25,14,4,7,5,12
8,7,4,3,1,5,4,6
3,5,1,3,5,4,5,1
0,4,2,4,1,7,2,2
5,2,3,4,5,3,1,1
3,3,2,3,4,2,4,2
3,2,4,2,4,4,3,2
1,2,3,2,4,2,2,6
3,3,2,1,1,4,1,2
4,4,3,3,3,4,3,1
2,3,1,5,2,4,4,1
1,3,4,2,3,7,2,3
4,5,6,2,1,4,4,1
5,2,1,1,1,1,3,1
3,2,4,2,3,0,1,1
2,3,2,1,1,2,2,3
4,2,1,1,2,3,1,2
3,1,0,2,1,4,1,2
1,3,4,1,5,3,6,3
1,1,2,0,2,2,2,2
2,3,4,2,2,2,3,3
1,0,1,3,3,3,2,2
2,4,1,1,2,2,5,2
1,0,0,1,2,0,3,2
1,3,6,2,2,2,0,3
4,0,2,1,2,0,2,1
0,1,2,2,2,2,0,1
4,0,2,3,1,2,1,0
1,0,1,0,0,0,0,1
1,1,2,3,1,3,2,0
2,2,2,0,0,1,2,0
2,0,0,1,0,0,1,0
2,1,0,2,0,3,2,1
1,2,2,2,2,0,1,2
0,1,4,2,1,1,1,0
0,1,2,4,2,1,2,3
4,3,2,1,3,2,2,2
2,5,0,2,2,2,1,1
2,1,1,4,0,0,0,1
0,0,0,1,1,1,2,1
2,1,1,1,0,1,0,1
1,0,0,2,1,1,0,0
1,0,0,0,1,0,1,0
1,4,1,0,0,1,1,0
0,0,0,0,0,0,1,1
0,2,1,1,0,1,1,0
0,0,0,0,1,0,2,0
0,0,0,0,0,0,2,0
0,2,2,0,1,0,1,0
0,0,2,0,2,0,1,0
1,0,0,0,0,0,1,0
1,0,0,0,0,0,0,0
1,0,0,0,0,2,0,0
0,0,1,1,1,1,0,2
0,1,0,0,1,1,0,0
1,0,0,0,0,0,0,0
0,0,0,0,1,1,0,0
1,0,0,0,0,0,0,1
0,0,1,0,0,0,0,1
0,1,0,0,0,0,0,1
0,0,0,0,0,1,0,0
0,0,0,1,0,0,0,0
0,0,0,0,0,0,0,0
0,0,1,1,1,0,1,0
0,1,1,1,0,0,0,0
0,0,0,0,0,0,0,0
0,1,0,0,0,0,0,0
0,0,1,0,1,2,0,0
0,0,0,0,0,0,0,1
0,0,2,0,0,2,0,0
0,2,0,1,0,0,0,0
1,0,1,1,0,0,0,1
1,0,0,0,0,0,0,1
0,0,0,1,1,0,0,0
0,1,0,0,0,0,0,1
0,0,0,0,0,0,1,0
0,0,0,0,0,1,0,0
0,1,0,0,0,0,0,0
0,0,1,0,0,1,0,0
0,0,1,0,0,0,0,0
1,0,0,0,0,0,0,1
0,0,0,0,0,0,0,0
0,0,0,0,0,0,0,0
0,1,0,0,0,0,0,0
0,0,0,0,0,0,0,0
0,0,1,0,0,0,0,0
0,0,1,0,0,0,0,0
0,0,0,0,0,0,0,0
0,1,0,0,0,1,0,0
0,0,1,0,0,0,1,0
0,0,1,0,1,0,0,0
0,1,0,0,0,0,1,0
