SpectrumName : Wuerfel_1_Proj_7.SPC
XUnit        : 
YUnit        : 
Length       : 1024
SubSpcNum    : 1
StartSubSpc  : 0
StopSubSpc   : 0
Comment      : 
Realtime     : 300.000
Livetime     : 299.360
Deadtime     : 0.640
FastChannel  : 29026
Starttime    : 03.04.2000 21:19:01
Stoptime     : 03.04.2000 21:24:02
CalibCoeff   : a=0.000000000E+000 b=0.000000000E+000 c=0.000000000E+000 d=0.000000000E+000
SpectrumText : 0 
0,0,0,0,0,0,0,0
1,6,12,20,48,29,44,55
63,60,63,64,72,67,54,55
74,54,79,60,59,68,68,86
63,83,56,77,83,63,69,78
64,91,86,97,89,90,103,106
102,112,93,98,106,98,103,125
114,94,114,101,105,103,118,106
102,102,101,102,98,120,106,102
111,91,115,119,116,111,114,107
107,108,129,98,98,109,107,96
107,94,103,101,117,107,99,92
97,90,102,82,105,95,91,100
107,91,75,80,110,89,89,95
100,98,96,71,85,98,78,81
93,86,88,88,98,91,80,81
75,91,80,69,72,76,79,96
80,85,79,94,69,88,85,76
72,83,79,62,74,66,71,81
84,58,76,64,65,74,74,75
77,83,77,61,73,82,67,73
69,85,57,69,79,77,69,71
69,70,79,74,76,72,66,81
76,61,52,57,51,52,45,52
45,59,38,48,46,50,44,38
39,39,28,38,37,35,38,28
24,32,34,22,24,28,32,22
25,24,31,28,23,30,27,25
29,36,18,28,20,24,40,42
24,33,29,29,41,23,32,26
33,25,33,34,34,47,36,53
71,73,96,99,114,108,160,192
205,254,283,282,332,351,389,421
451,481,454,476,515,481,503,427
443,459,365,347,293,275,242,219
188,153,155,98,90,81,49,53
32,28,16,11,9,13,3,5
5,1,11,6,3,4,6,4
3,4,3,2,5,4,3,0
2,4,2,0,2,1,3,1
2,5,1,2,3,1,3,3
4,4,6,4,1,5,1,3
3,2,0,2,4,3,0,5
2,5,3,3,3,1,1,4
4,3,3,4,2,1,4,3
2,4,1,0,2,4,3,2
2,4,2,5,4,3,2,1
2,2,0,4,2,1,3,3
0,4,3,4,3,2,3,1
3,1,1,2,1,1,0,3
3,2,1,3,1,4,1,2
3,1,2,2,1,2,1,4
1,3,1,0,1,3,3,1
2,6,1,1,2,2,2,1
1,2,3,1,3,2,0,4
3,1,4,2,4,1,1,1
0,0,1,1,6,3,1,0
0,4,0,2,1,3,2,2
2,5,3,0,1,1,0,2
1,0,5,0,1,2,1,0
3,0,2,3,1,0,1,1
1,2,1,1,1,0,0,3
3,2,2,3,1,1,1,4
2,0,2,3,0,1,1,0
4,2,1,3,1,1,0,0
4,0,1,1,0,0,2,0
2,0,0,1,2,0,1,0
0,1,0,0,3,1,5,1
3,1,3,3,1,2,1,1
1,2,2,1,1,1,2,1
2,1,1,4,2,1,5,3
2,2,1,1,0,3,0,1
1,1,2,1,1,1,1,0
6,2,1,0,0,1,1,1
2,1,0,1,2,0,2,1
0,0,1,0,0,2,0,1
1,0,2,0,0,0,0,1
1,0,0,0,0,1,2,1
1,0,2,1,0,1,1,0
0,1,0,0,1,0,0,0
0,0,0,1,0,1,0,0
0,1,1,0,0,1,1,1
0,1,1,0,0,0,0,1
0,0,0,1,1,0,0,0
0,1,1,0,0,0,0,3
1,1,1,0,1,0,0,1
1,0,1,0,0,1,0,0
1,1,1,1,2,0,2,1
1,1,0,0,0,0,0,0
2,0,0,0,1,0,0,0
1,0,0,2,0,0,1,0
0,0,0,0,2,0,0,0
0,0,0,0,1,1,1,0
0,0,0,0,0,1,0,0
1,1,0,0,0,1,0,0
0,1,0,0,0,0,0,1
0,0,1,0,0,0,0,0
0,2,0,0,0,0,1,0
0,0,1,0,0,0,1,1
1,1,1,0,1,0,0,0
0,0,0,0,1,0,0,1
2,0,0,0,1,0,0,0
0,0,0,0,0,1,0,0
0,0,0,0,0,0,0,0
0,0,0,0,0,0,0,1
0,0,0,0,0,0,0,0
0,0,0,0,0,0,0,0
0,0,0,0,0,0,0,0
0,0,1,0,1,0,0,1
1,0,0,0,0,0,0,0
0,0,0,0,0,1,1,0
0,0,1,1,0,0,0,1
0,1,1,1,0,0,0,1
0,0,0,0,0,0,0,0
1,1,0,0,0,0,0,0
0,0,0,0,0,1,0,0
0,0,0,0,0,0,0,0
0,0,0,0,0,0,0,0
0,0,1,0,0,1,0,0
0,0,0,0,0,0,0,0
0,0,0,0,0,0,0,0
0,0,1,0,0,0,0,0
0,0,0,0,0,0,0,0
0,0,0,0,0,0,0,0
0,0,0,0,0,1,0,0
0,0,1,0,0,0,0,0
0,0,0,0,0,0,0,0
0,1,0,0,0,0,0,0
