SpectrumName : Wuerfel_4_Proj_12.SPC
XUnit        : 
YUnit        : 
Length       : 1024
SubSpcNum    : 1
StartSubSpc  : 0
StopSubSpc   : 0
Comment      : 
Realtime     : 300.000
Livetime     : 299.400
Deadtime     : 0.600
FastChannel  : 41676
Starttime    : 25.01.2016 15:04:58
Stoptime     : 25.01.2016 15:09:58
CalibCoeff   : a=0.000000000E+000 b=0.000000000E+000 c=0.000000000E+000 d=0.000000000E+000
SpectrumText : 0 
0,0,0,0,0,0,0,0
2,9,27,71,47,73,61,70
70,72,88,80,88,86,78,89
90,89,79,94,91,90,100,102
97,87,108,112,102,109,101,87
118,125,102,126,121,125,141,129
126,138,152,130,156,140,139,143
124,125,137,126,136,154,144,133
146,141,137,128,145,151,144,162
120,170,145,156,148,141,141,141
145,127,151,138,144,136,128,128
138,133,128,132,122,126,137,114
124,118,147,168,109,126,106,110
119,109,110,102,131,145,123,135
106,118,106,141,123,100,112,130
112,102,101,115,118,126,123,104
93,119,106,87,107,123,113,114
117,105,114,99,124,99,95,105
87,96,111,98,115,108,106,99
92,106,108,120,98,96,111,109
115,103,102,125,87,116,112,101
90,100,121,97,97,92,101,114
102,96,109,125,103,106,122,81
76,95,95,87,90,85,91,61
74,84,75,69,60,59,52,50
70,55,49,43,44,58,46,48
53,40,38,34,38,45,44,31
34,32,40,31,28,35,42,35
34,27,26,28,39,39,36,47
33,39,32,35,34,48,44,40
48,49,40,47,59,61,71,67
72,81,119,114,138,165,199,270
244,347,374,395,457,538,585,607
659,733,735,791,793,785,776,730
763,706,631,643,564,542,458,387
354,310,269,187,175,146,128,87
56,50,32,22,28,16,13,7
8,8,4,4,6,7,2,5
2,3,4,6,7,4,1,4
3,2,2,4,6,5,3,0
1,3,3,0,3,3,2,5
2,3,4,5,0,1,1,1
2,7,2,1,5,1,2,1
5,2,0,1,2,3,1,2
7,6,2,4,2,2,1,3
2,2,2,2,2,3,1,2
2,4,2,6,1,4,4,1
1,2,1,1,4,4,3,3
3,2,2,3,2,4,1,3
3,4,4,2,1,1,3,1
1,3,5,1,1,2,3,1
3,3,6,3,1,1,5,2
0,1,2,4,1,2,1,2
3,3,3,3,2,3,1,2
3,2,6,1,0,3,1,1
3,2,0,2,2,1,1,3
2,1,2,1,1,1,2,6
5,4,4,1,0,1,3,1
1,3,2,0,1,2,2,0
2,3,1,1,2,1,1,1
3,2,1,2,0,0,1,1
1,0,0,1,1,2,2,3
2,1,1,2,0,0,1,1
1,2,2,1,1,0,2,1
0,3,0,0,0,4,0,0
0,1,4,0,2,1,1,0
0,1,1,0,1,1,1,2
0,1,0,1,0,2,1,1
0,0,1,0,1,1,1,2
0,2,1,0,6,2,3,2
3,1,3,1,2,1,0,1
3,2,5,4,4,1,3,4
2,1,1,0,2,2,2,3
5,2,0,0,1,3,1,0
0,2,0,2,1,1,0,0
2,3,1,1,0,1,0,0
0,1,1,1,0,2,0,0
0,0,0,0,0,0,1,0
1,1,0,0,0,0,0,1
0,0,0,0,0,0,0,0
0,0,0,1,0,0,0,0
0,0,2,2,0,0,1,0
0,0,0,0,0,0,1,0
1,0,0,0,2,0,1,1
0,1,0,0,0,0,0,1
2,0,0,1,1,0,0,1
0,0,0,0,0,1,0,0
1,1,0,1,0,1,1,0
0,1,0,0,0,1,0,0
0,0,0,0,0,0,1,0
1,0,0,0,0,0,0,2
1,0,0,0,0,0,0,0
0,0,0,0,1,0,0,1
0,0,0,1,0,0,0,0
0,0,0,0,0,0,0,0
1,0,0,0,0,1,0,0
1,1,0,0,0,0,0,0
0,0,0,1,0,0,0,0
0,1,0,2,0,1,0,0
0,1,0,1,0,1,0,0
0,0,0,0,0,0,1,0
0,0,1,1,0,0,0,0
1,0,0,0,1,1,0,0
1,1,0,0,1,0,0,0
0,1,0,0,0,2,1,0
0,0,0,0,0,0,0,0
0,0,0,0,1,1,2,1
0,0,0,0,0,0,0,0
0,0,0,0,0,0,0,1
0,0,1,0,1,0,1,0
0,0,0,0,1,0,0,0
1,1,0,0,0,1,0,0
1,0,0,0,0,0,0,0
0,0,0,1,0,0,0,0
0,0,0,0,0,0,1,0
0,0,0,0,0,0,0,0
0,0,0,0,0,0,0,0
0,0,0,0,0,0,0,0
0,0,0,0,0,0,0,0
1,0,0,0,0,0,1,0
0,0,0,0,0,0,0,0
0,0,0,0,0,0,0,0
0,0,0,0,0,0,1,0
0,1,0,0,0,0,0,0
0,0,0,0,0,0,0,0
0,0,0,0,0,0,0,0
1,0,0,0,0,0,0,1
1,0,0,0,1,0,1,0
