SpectrumName : Wuerfel_2_Proj_3.SPC
XUnit        : 
YUnit        : 
Length       : 1024
SubSpcNum    : 1
StartSubSpc  : 0
StopSubSpc   : 0
Comment      : 
Realtime     : 300.000
Livetime     : 298.710
Deadtime     : 1.290
FastChannel  : 10666
Starttime    : 25.01.2016 13:28:05
Stoptime     : 25.01.2016 13:33:05
CalibCoeff   : a=0.000000000E+000 b=0.000000000E+000 c=0.000000000E+000 d=0.000000000E+000
SpectrumText : 0 
0,0,0,0,0,0,0,0
0,4,2,12,13,15,16,21
30,13,18,23,22,21,20,19
25,22,32,28,22,21,20,28
39,27,25,31,29,37,39,26
42,30,51,42,33,46,48,46
54,40,58,46,58,48,60,51
54,52,52,50,62,59,63,63
71,51,63,67,47,59,62,71
46,61,58,52,56,59,54,64
60,49,46,65,54,61,56,39
37,45,42,52,48,51,47,50
51,48,45,49,45,44,38,53
38,39,43,43,37,42,35,44
44,31,49,30,40,43,25,37
33,31,31,30,30,33,34,30
24,31,36,27,43,25,26,44
31,33,28,27,17,22,22,31
27,29,22,20,28,29,23,30
31,33,17,27,17,31,28,31
18,20,22,23,24,23,23,26
24,19,19,20,25,28,27,21
26,12,20,18,22,22,15,16
20,16,17,16,20,14,19,21
20,23,16,13,13,16,11,15
13,8,15,13,17,23,13,12
14,11,14,14,13,12,9,7
8,10,10,16,5,11,9,13
8,8,8,7,6,8,14,17
8,1,6,13,15,14,14,16
13,12,7,15,15,9,15,12
19,23,27,33,28,27,47,50
54,48,54,52,79,83,89,99
92,97,106,90,87,117,106,114
104,82,75,74,69,64,49,43
48,31,41,26,29,14,13,8
9,9,3,8,2,5,3,0
2,3,2,3,2,3,4,4
2,3,3,1,2,3,4,3
2,3,3,1,6,3,2,2
5,2,1,3,2,5,1,2
1,3,0,6,3,0,5,4
6,4,0,2,4,3,2,3
1,1,3,5,4,4,2,3
2,9,4,3,5,3,3,6
6,3,1,3,2,4,3,2
4,3,2,3,2,0,3,2
1,0,6,3,6,2,2,4
3,3,2,4,1,2,4,0
0,2,1,0,2,4,2,2
3,1,2,1,3,1,4,1
5,3,5,2,2,4,2,2
3,3,1,2,2,2,3,1
2,0,1,2,1,1,1,2
2,3,3,0,3,1,1,2
3,0,4,0,3,5,4,1
1,4,1,2,3,2,4,1
2,0,2,1,2,2,3,4
1,1,2,2,1,0,2,1
1,4,2,3,5,2,1,0
1,0,0,1,0,1,0,0
4,0,1,2,4,0,0,1
1,0,2,2,1,0,0,4
0,1,0,0,3,1,2,2
0,1,0,0,0,1,2,1
0,0,0,2,1,0,0,2
0,2,1,0,1,1,0,2
3,0,1,0,2,1,2,3
1,1,3,1,3,1,1,1
3,4,2,0,0,2,1,3
4,3,2,2,1,5,2,1
1,3,3,0,2,3,3,3
0,1,4,5,3,3,3,4
0,2,2,2,4,1,1,2
4,2,0,1,4,0,1,1
0,1,1,1,2,0,0,0
1,0,2,1,1,1,1,0
0,0,0,1,0,0,0,0
0,1,0,0,0,1,0,2
1,1,0,0,1,1,0,0
0,1,0,1,0,0,0,0
0,0,1,0,1,0,0,1
1,0,1,0,0,0,1,0
0,0,0,0,0,0,0,0
0,0,0,0,0,0,0,0
0,0,0,0,0,1,1,0
0,1,1,1,0,1,0,0
1,0,1,0,0,0,1,0
0,0,0,0,1,0,0,1
0,0,0,0,1,1,1,0
1,0,2,2,0,0,0,0
1,0,0,0,1,0,0,2
1,0,0,0,0,1,1,0
0,0,0,1,1,0,0,1
0,0,1,0,0,0,1,1
0,1,1,0,0,0,0,0
0,0,0,0,0,0,0,1
0,0,1,0,0,0,0,2
0,0,0,0,0,0,0,1
0,1,0,0,0,0,0,0
0,0,0,0,0,0,0,0
1,0,1,0,0,1,0,0
0,0,0,1,0,0,0,1
0,0,0,0,0,2,0,0
2,2,0,1,1,0,0,0
0,0,0,0,0,0,1,0
0,0,0,0,0,1,1,0
0,0,0,0,0,0,1,0
1,0,0,0,0,0,0,1
0,0,0,0,0,0,0,1
0,1,0,0,0,1,1,0
0,0,0,0,0,0,1,0
0,1,0,0,1,0,0,0
0,0,0,0,0,0,0,0
0,0,0,0,0,0,0,0
0,0,0,0,0,0,0,0
0,0,0,0,0,0,0,0
0,0,1,0,0,0,1,0
0,0,0,0,0,1,0,0
0,0,0,0,0,0,0,0
0,1,0,0,0,0,0,0
0,0,0,0,0,0,0,0
1,0,0,0,0,0,0,0
0,0,0,0,0,0,0,1
0,0,0,0,1,0,0,0
0,0,1,1,0,0,0,0
1,0,0,0,0,0,1,0
0,0,0,0,0,0,0,0
