# Converted file from inputfile Wuerfel_1_Proj_9.CHN
# MCA number or Detector number: 1
# Segment number (set to 1 in UMCBI): 1
# ASCII seconds of start time: 12851
# Real Time (s): 300.000
# Live Time (s) : 299.360
# Start Date (DDMMMYY): 03APR00
# Start time (HHMM): 2301
# Channel offset of data: 0
# Number of channels (length of data): 1024

# Data: 

0 	 0
1 	 0
2 	 0
3 	 0
4 	 0
5 	 0
6 	 0
7 	 0
8 	 3
9 	 7
10 	 14
11 	 38
12 	 43
13 	 36
14 	 47
15 	 51
16 	 48
17 	 59
18 	 56
19 	 66
20 	 64
21 	 61
22 	 54
23 	 65
24 	 75
25 	 65
26 	 63
27 	 51
28 	 71
29 	 52
30 	 65
31 	 78
32 	 77
33 	 69
34 	 89
35 	 96
36 	 78
37 	 79
38 	 81
39 	 84
40 	 77
41 	 94
42 	 99
43 	 94
44 	 86
45 	 105
46 	 77
47 	 113
48 	 91
49 	 92
50 	 99
51 	 117
52 	 110
53 	 124
54 	 121
55 	 81
56 	 120
57 	 101
58 	 116
59 	 105
60 	 111
61 	 133
62 	 108
63 	 125
64 	 119
65 	 119
66 	 104
67 	 101
68 	 102
69 	 129
70 	 117
71 	 119
72 	 118
73 	 107
74 	 118
75 	 108
76 	 114
77 	 126
78 	 103
79 	 108
80 	 94
81 	 119
82 	 121
83 	 109
84 	 113
85 	 103
86 	 91
87 	 110
88 	 102
89 	 103
90 	 95
91 	 97
92 	 96
93 	 121
94 	 105
95 	 110
96 	 99
97 	 110
98 	 110
99 	 84
100 	 87
101 	 89
102 	 92
103 	 78
104 	 84
105 	 113
106 	 102
107 	 90
108 	 104
109 	 84
110 	 102
111 	 98
112 	 89
113 	 103
114 	 83
115 	 85
116 	 93
117 	 102
118 	 86
119 	 87
120 	 88
121 	 94
122 	 88
123 	 76
124 	 84
125 	 90
126 	 88
127 	 90
128 	 84
129 	 80
130 	 84
131 	 94
132 	 84
133 	 74
134 	 83
135 	 86
136 	 71
137 	 71
138 	 64
139 	 79
140 	 80
141 	 85
142 	 64
143 	 87
144 	 71
145 	 102
146 	 90
147 	 82
148 	 91
149 	 78
150 	 90
151 	 66
152 	 67
153 	 56
154 	 74
155 	 77
156 	 81
157 	 96
158 	 83
159 	 82
160 	 89
161 	 79
162 	 70
163 	 90
164 	 86
165 	 73
166 	 68
167 	 67
168 	 64
169 	 67
170 	 66
171 	 86
172 	 80
173 	 79
174 	 86
175 	 83
176 	 70
177 	 61
178 	 68
179 	 72
180 	 84
181 	 80
182 	 66
183 	 68
184 	 75
185 	 55
186 	 67
187 	 65
188 	 56
189 	 61
190 	 61
191 	 54
192 	 52
193 	 46
194 	 44
195 	 42
196 	 47
197 	 28
198 	 47
199 	 48
200 	 43
201 	 40
202 	 42
203 	 34
204 	 36
205 	 31
206 	 38
207 	 30
208 	 45
209 	 29
210 	 20
211 	 25
212 	 29
213 	 33
214 	 30
215 	 31
216 	 37
217 	 32
218 	 28
219 	 19
220 	 27
221 	 26
222 	 27
223 	 26
224 	 39
225 	 27
226 	 20
227 	 23
228 	 20
229 	 34
230 	 24
231 	 23
232 	 32
233 	 28
234 	 34
235 	 23
236 	 25
237 	 26
238 	 34
239 	 32
240 	 30
241 	 37
242 	 32
243 	 36
244 	 47
245 	 48
246 	 50
247 	 50
248 	 62
249 	 70
250 	 75
251 	 87
252 	 111
253 	 119
254 	 157
255 	 171
256 	 203
257 	 223
258 	 258
259 	 275
260 	 288
261 	 352
262 	 389
263 	 407
264 	 458
265 	 483
266 	 500
267 	 481
268 	 517
269 	 516
270 	 530
271 	 479
272 	 482
273 	 476
274 	 418
275 	 364
276 	 358
277 	 289
278 	 276
279 	 246
280 	 198
281 	 191
282 	 142
283 	 110
284 	 91
285 	 94
286 	 63
287 	 50
288 	 39
289 	 29
290 	 25
291 	 14
292 	 4
293 	 7
294 	 5
295 	 12
296 	 8
297 	 7
298 	 4
299 	 3
300 	 1
301 	 5
302 	 4
303 	 6
304 	 3
305 	 5
306 	 1
307 	 3
308 	 5
309 	 4
310 	 5
311 	 1
312 	 0
313 	 4
314 	 2
315 	 4
316 	 1
317 	 7
318 	 2
319 	 2
320 	 5
321 	 2
322 	 3
323 	 4
324 	 5
325 	 3
326 	 1
327 	 1
328 	 3
329 	 3
330 	 2
331 	 3
332 	 4
333 	 2
334 	 4
335 	 2
336 	 3
337 	 2
338 	 4
339 	 2
340 	 4
341 	 4
342 	 3
343 	 2
344 	 1
345 	 2
346 	 3
347 	 2
348 	 4
349 	 2
350 	 2
351 	 6
352 	 3
353 	 3
354 	 2
355 	 1
356 	 1
357 	 4
358 	 1
359 	 2
360 	 4
361 	 4
362 	 3
363 	 3
364 	 3
365 	 4
366 	 3
367 	 1
368 	 2
369 	 3
370 	 1
371 	 5
372 	 2
373 	 4
374 	 4
375 	 1
376 	 1
377 	 3
378 	 4
379 	 2
380 	 3
381 	 7
382 	 2
383 	 3
384 	 4
385 	 5
386 	 6
387 	 2
388 	 1
389 	 4
390 	 4
391 	 1
392 	 5
393 	 2
394 	 1
395 	 1
396 	 1
397 	 1
398 	 3
399 	 1
400 	 3
401 	 2
402 	 4
403 	 2
404 	 3
405 	 0
406 	 1
407 	 1
408 	 2
409 	 3
410 	 2
411 	 1
412 	 1
413 	 2
414 	 2
415 	 3
416 	 4
417 	 2
418 	 1
419 	 1
420 	 2
421 	 3
422 	 1
423 	 2
424 	 3
425 	 1
426 	 0
427 	 2
428 	 1
429 	 4
430 	 1
431 	 2
432 	 1
433 	 3
434 	 4
435 	 1
436 	 5
437 	 3
438 	 6
439 	 3
440 	 1
441 	 1
442 	 2
443 	 0
444 	 2
445 	 2
446 	 2
447 	 2
448 	 2
449 	 3
450 	 4
451 	 2
452 	 2
453 	 2
454 	 3
455 	 3
456 	 1
457 	 0
458 	 1
459 	 3
460 	 3
461 	 3
462 	 2
463 	 2
464 	 2
465 	 4
466 	 1
467 	 1
468 	 2
469 	 2
470 	 5
471 	 2
472 	 1
473 	 0
474 	 0
475 	 1
476 	 2
477 	 0
478 	 3
479 	 2
480 	 1
481 	 3
482 	 6
483 	 2
484 	 2
485 	 2
486 	 0
487 	 3
488 	 4
489 	 0
490 	 2
491 	 1
492 	 2
493 	 0
494 	 2
495 	 1
496 	 0
497 	 1
498 	 2
499 	 2
500 	 2
501 	 2
502 	 0
503 	 1
504 	 4
505 	 0
506 	 2
507 	 3
508 	 1
509 	 2
510 	 1
511 	 0
512 	 1
513 	 0
514 	 1
515 	 0
516 	 0
517 	 0
518 	 0
519 	 1
520 	 1
521 	 1
522 	 2
523 	 3
524 	 1
525 	 3
526 	 2
527 	 0
528 	 2
529 	 2
530 	 2
531 	 0
532 	 0
533 	 1
534 	 2
535 	 0
536 	 2
537 	 0
538 	 0
539 	 1
540 	 0
541 	 0
542 	 1
543 	 0
544 	 2
545 	 1
546 	 0
547 	 2
548 	 0
549 	 3
550 	 2
551 	 1
552 	 1
553 	 2
554 	 2
555 	 2
556 	 2
557 	 0
558 	 1
559 	 2
560 	 0
561 	 1
562 	 4
563 	 2
564 	 1
565 	 1
566 	 1
567 	 0
568 	 0
569 	 1
570 	 2
571 	 4
572 	 2
573 	 1
574 	 2
575 	 3
576 	 4
577 	 3
578 	 2
579 	 1
580 	 3
581 	 2
582 	 2
583 	 2
584 	 2
585 	 5
586 	 0
587 	 2
588 	 2
589 	 2
590 	 1
591 	 1
592 	 2
593 	 1
594 	 1
595 	 4
596 	 0
597 	 0
598 	 0
599 	 1
600 	 0
601 	 0
602 	 0
603 	 1
604 	 1
605 	 1
606 	 2
607 	 1
608 	 2
609 	 1
610 	 1
611 	 1
612 	 0
613 	 1
614 	 0
615 	 1
616 	 1
617 	 0
618 	 0
619 	 2
620 	 1
621 	 1
622 	 0
623 	 0
624 	 1
625 	 0
626 	 0
627 	 0
628 	 1
629 	 0
630 	 1
631 	 0
632 	 1
633 	 4
634 	 1
635 	 0
636 	 0
637 	 1
638 	 1
639 	 0
640 	 0
641 	 0
642 	 0
643 	 0
644 	 0
645 	 0
646 	 1
647 	 1
648 	 0
649 	 2
650 	 1
651 	 1
652 	 0
653 	 1
654 	 1
655 	 0
656 	 0
657 	 0
658 	 0
659 	 0
660 	 1
661 	 0
662 	 2
663 	 0
664 	 0
665 	 0
666 	 0
667 	 0
668 	 0
669 	 0
670 	 2
671 	 0
672 	 0
673 	 2
674 	 2
675 	 0
676 	 1
677 	 0
678 	 1
679 	 0
680 	 0
681 	 0
682 	 2
683 	 0
684 	 2
685 	 0
686 	 1
687 	 0
688 	 1
689 	 0
690 	 0
691 	 0
692 	 0
693 	 0
694 	 1
695 	 0
696 	 1
697 	 0
698 	 0
699 	 0
700 	 0
701 	 0
702 	 0
703 	 0
704 	 1
705 	 0
706 	 0
707 	 0
708 	 0
709 	 2
710 	 0
711 	 0
712 	 0
713 	 0
714 	 1
715 	 1
716 	 1
717 	 1
718 	 0
719 	 2
720 	 0
721 	 1
722 	 0
723 	 0
724 	 1
725 	 1
726 	 0
727 	 0
728 	 1
729 	 0
730 	 0
731 	 0
732 	 0
733 	 0
734 	 0
735 	 0
736 	 0
737 	 0
738 	 0
739 	 0
740 	 1
741 	 1
742 	 0
743 	 0
744 	 1
745 	 0
746 	 0
747 	 0
748 	 0
749 	 0
750 	 0
751 	 1
752 	 0
753 	 0
754 	 1
755 	 0
756 	 0
757 	 0
758 	 0
759 	 1
760 	 0
761 	 1
762 	 0
763 	 0
764 	 0
765 	 0
766 	 0
767 	 1
768 	 0
769 	 0
770 	 0
771 	 0
772 	 0
773 	 1
774 	 0
775 	 0
776 	 0
777 	 0
778 	 0
779 	 1
780 	 0
781 	 0
782 	 0
783 	 0
784 	 0
785 	 0
786 	 0
787 	 0
788 	 0
789 	 0
790 	 0
791 	 0
792 	 0
793 	 0
794 	 1
795 	 1
796 	 1
797 	 0
798 	 1
799 	 0
800 	 0
801 	 1
802 	 1
803 	 1
804 	 0
805 	 0
806 	 0
807 	 0
808 	 0
809 	 0
810 	 0
811 	 0
812 	 0
813 	 0
814 	 0
815 	 0
816 	 0
817 	 1
818 	 0
819 	 0
820 	 0
821 	 0
822 	 0
823 	 0
824 	 0
825 	 0
826 	 1
827 	 0
828 	 1
829 	 2
830 	 0
831 	 0
832 	 0
833 	 0
834 	 0
835 	 0
836 	 0
837 	 0
838 	 0
839 	 1
840 	 0
841 	 0
842 	 2
843 	 0
844 	 0
845 	 2
846 	 0
847 	 0
848 	 0
849 	 2
850 	 0
851 	 1
852 	 0
853 	 0
854 	 0
855 	 0
856 	 1
857 	 0
858 	 1
859 	 1
860 	 0
861 	 0
862 	 0
863 	 1
864 	 1
865 	 0
866 	 0
867 	 0
868 	 0
869 	 0
870 	 0
871 	 1
872 	 0
873 	 0
874 	 0
875 	 1
876 	 1
877 	 0
878 	 0
879 	 0
880 	 0
881 	 1
882 	 0
883 	 0
884 	 0
885 	 0
886 	 0
887 	 1
888 	 0
889 	 0
890 	 0
891 	 0
892 	 0
893 	 0
894 	 1
895 	 0
896 	 0
897 	 0
898 	 0
899 	 0
900 	 0
901 	 1
902 	 0
903 	 0
904 	 0
905 	 1
906 	 0
907 	 0
908 	 0
909 	 0
910 	 0
911 	 0
912 	 0
913 	 0
914 	 1
915 	 0
916 	 0
917 	 1
918 	 0
919 	 0
920 	 0
921 	 0
922 	 1
923 	 0
924 	 0
925 	 0
926 	 0
927 	 0
928 	 1
929 	 0
930 	 0
931 	 0
932 	 0
933 	 0
934 	 0
935 	 1
936 	 0
937 	 0
938 	 0
939 	 0
940 	 0
941 	 0
942 	 0
943 	 0
944 	 0
945 	 0
946 	 0
947 	 0
948 	 0
949 	 0
950 	 0
951 	 0
952 	 0
953 	 1
954 	 0
955 	 0
956 	 0
957 	 0
958 	 0
959 	 0
960 	 0
961 	 0
962 	 0
963 	 0
964 	 0
965 	 0
966 	 0
967 	 0
968 	 0
969 	 0
970 	 1
971 	 0
972 	 0
973 	 0
974 	 0
975 	 0
976 	 0
977 	 0
978 	 1
979 	 0
980 	 0
981 	 0
982 	 0
983 	 0
984 	 0
985 	 0
986 	 0
987 	 0
988 	 0
989 	 0
990 	 0
991 	 0
992 	 0
993 	 1
994 	 0
995 	 0
996 	 0
997 	 1
998 	 0
999 	 0
1000 	 0
1001 	 0
1002 	 1
1003 	 0
1004 	 0
1005 	 0
1006 	 1
1007 	 0
1008 	 0
1009 	 0
1010 	 1
1011 	 0
1012 	 1
1013 	 0
1014 	 0
1015 	 0
1016 	 0
1017 	 1
1018 	 0
1019 	 0
1020 	 0
1021 	 0
1022 	 1
1023 	 0


# Energy calibration zero intercept, 0.0 for uncalibrated spectrum: 0.00000
# Energy calibration slope, 1.0 for uncalibrated spectrum: 0.00000
# Energy calibration quadratic term, 0.0 for uncalibrated spectrum: 0.00000
# Peak shape calibration zero intercept, 1.0 for uncalibrated spectrum: 1.00000
# Peak shape calibration slope, 0.0 for uncalibrated spectrum: 0.00000
# Peak shape calibration quadratic term, 0.0 for uncalibrated spectrum: 0.00000
# Detector description: 
# Sample description: 
