322.23 13.9 133.5 27.1
270.13 18.8 179.5 31.3
252.41 19.9 190.5 35.5
273.93 18.8 179.0 39.6
277.56 18.85 179.3 43.8
282.90 18.9 179.5 47.9
297.49 18.9 179.5 52.0
319.18 18.9 179.7 56.1
322.80 19.0 179.8 60.0
393.55 19.0 179.9 64.3
366.23 19.0 180.0 68.3
367.22 19.0 180.0 72.3
366.23 19.0 180.0 76.3
354.00 19.0 180.0 80.3
378.00 19.0 180.0 84.2
398.70 19.0 180.2 88.2
412.05 19.0 180.2 92.1
382.84 19.0 180.2 96.1
402.20 19.0 180.3 100
401.55 19.0 180.3 103.9
435.00 19.0 180.3 107.8
407.04 19.0 180.4 111.7
382.89 19.0 180.4 115.5
